202 177
408 199
21 106
70 137
236 62
304 34
168 72
23 85
12 93
388 78
184 143
305 34
396 67
40 112
218 152
124 176
320 50
232 99
84 93
101 106
112 37
255 156
192 149
394 147
41 191
257 166
61 44
335 172
236 92
98 31
333 23
252 167
93 37
332 49
375 172
348 47
246 112
236 193
263 112
192 69
305 151
181 75
25 79
250 12
354 133
109 189
130 121
243 182
203 196
203 160
119 119
165 13
21 169
159 82
116 89
161 99
381 101
378 198
391 91
314 51
309 86
226 154
386 52
104 61
223 189
319 136
44 70
295 46
214 190
81 158
96 64
245 198
405 139
247 22
204 135
392 32
189 57
313 190
212 72
149 85
84 81
271 177
221 72
154 58
288 96
408 181
386 37
53 173
336 64
404 59
323 58
10 75
308 180
122 58
33 31
49 149
208 40
67 148
259 166
150 143
