253 203
306 40
267 86
220 68
219 83
257 51
266 175
55 182
374 61
377 124
160 163
54 80
162 19
374 173
259 160
178 15
264 194
36 100
62 139
13 171
101 202
326 187
303 32
233 183
361 146
145 72
233 70
15 100
361 17
79 206
259 136
170 30
302 166
60 147
151 29
345 133
355 64
300 176
100 81
48 14
138 31
147 92
92 170
408 112
264 90
172 41
119 36
122 55
308 46
323 205
111 86
408 109
317 110
266 98
210 26
149 179
161 165
135 39
387 136
327 60
70 45
228 37
312 92
268 67
53 164
15 130
397 20
66 64
250 81
56 193
224 155
382 127
309 196
278 33
307 24
230 201
268 163
241 18
350 16
103 185
359 54
345 107
170 64
176 176
370 60
222 166
343 43
228 49
287 139
22 154
150 74
12 134
241 92
186 200
320 111
323 41
242 85
73 111
29 105
296 100
222 61
260 80
206 20
400 18
54 20
336 179
388 118
97 35
158 48
183 96
214 98
392 44
175 65
104 150
383 81
51 36
38 206
354 128
94 164
408 48
163 61
332 11
164 35
173 128
315 87
209 177
170 185
270 185
390 33
92 193
248 150
298 65
209 181
400 29
62 12
229 133
157 23
275 114
399 162
264 182
63 32
14 12
161 68
349 160
206 39
110 167
79 193
291 74
248 147
310 199
40 52
240 145
301 170
43 49
221 187
58 140
146 45
71 63
70 27
221 81
336 97
279 128
141 106
152 31
162 199
13 182
129 155
16 34
251 101
30 71
293 86
43 195
365 156
164 156
319 94
278 173
147 24
365 165
137 41
400 185
344 203
251 83
339 19
396 162
190 58
115 28
191 187
403 114
344 198
398 43
372 92
176 67
32 12
154 157
44 69
354 191
50 61
217 101
390 154
254 136
254 175
353 65
133 201
58 177
298 75
219 34
302 126
371 75
142 149
181 176
318 16
200 153
55 110
288 164
369 97
61 205
373 133
322 21
236 34
25 176
364 26
197 75
85 124
152 190
118 98
326 95
246 24
153 183
159 94
86 161
13 64
321 168
264 44
45 96
334 204
86 80
374 28
178 102
208 166
37 11
224 92
388 145
332 158
29 74
356 21
85 43
290 31
338 161
242 156
362 18
195 184
91 104
79 162
60 145
296 83
211 19
147 196
281 150
281 202
76 97
91 107
340 122
183 157
312 41
169 188
225 180
131 101
286 40
191 74
90 198
116 197
395 204
136 15
268 198
309 91
174 133
207 103
154 39
276 19
11 102
37 198
74 197
325 205
153 193
111 84
195 149
77 178
372 136
358 24
261 138
71 51
171 141
166 194
81 129
34 154
403 187
63 144
61 150
337 158
66 10
199 50
289 44
58 187
389 30
342 166
220 49
328 24
75 193
88 140
256 120
89 176
152 181
319 187
354 46
368 49
275 51
302 194
395 165
116 168
264 111
271 88
122 100
351 171
166 137
318 101
31 172
384 93
290 150
268 127
337 21
122 118
387 125
61 46
57 47
147 121
308 82
154 39
389 26
149 44
21 102
224 205
38 70
304 163
313 37
62 163
178 139
246 189
378 142
139 204
131 59
254 29
337 191
190 139
166 155
242 10
78 159
133 51
93 29
336 96
118 162
15 137
157 161
397 109
255 137
193 69
193 95
13 165
326 167
36 180
341 175
253 127
346 92
293 113
28 26
313 93
31 158
292 119
107 70
102 144
28 11
198 144
331 46
378 121
221 113
404 18
187 39
46 169
34 198
346 125
155 196
339 170
14 168
88 190
338 50
298 44
232 150
260 207
249 61
170 73
365 13
133 84
190 90
398 97
76 180
89 200
371 171
261 199
57 48
17 62
316 78
161 114
75 49
400 32
68 22
360 53
334 59
16 12
88 104
85 127
146 158
45 81
154 111
296 36
122 199
119 86
383 57
306 82
94 149
340 100
290 200
250 45
169 92
140 200
399 18
331 195
315 29
124 18
297 73
339 192
296 196
195 184
133 187
293 156
55 168
120 163
300 67
56 184
308 95
82 89
93 191
262 53
14 32
30 129
377 104
223 165
170 199
29 10
309 197
387 135
63 37
403 173
299 152
331 95
24 133
105 86
185 151
81 44
181 87
156 103
384 116
291 105
266 73
268 125
102 174
260 204
350 97
46 185
69 46
139 122
189 108
170 105
107 19
162 193
183 91
254 164
360 150
56 12
303 32
281 193
18 102
223 99
317 134
160 129
276 37
79 129
140 174
125 24
42 105
257 84
284 187
331 208
327 205
309 80
369 167
395 14
48 94
333 44
162 11
18 131
399 206
96 163
11 163
105 196
320 156
23 181
316 127
252 131
391 177
179 84
216 11
27 188
296 188
181 151
215 40
12 160
269 64
405 162
372 145
343 109
20 73
124 140
143 143
408 132
207 155
170 119
60 14
385 122
82 123
304 115
274 174
261 48
232 179
199 180
189 10
222 19
270 90
231 32
93 12
312 52
342 26
193 34
85 199
68 25
310 56
310 186
333 44
38 170
247 152
141 194
128 54
23 53
182 166
225 18
62 21
99 163
150 102
401 165
139 39
396 209
332 117
382 34
254 194
278 200
226 77
304 100
388 51
377 77
149 158
257 10
10 203
66 209
198 191
17 168
38 76
50 122
380 121
209 116
63 112
238 184
193 109
168 146
32 123
77 153
177 48
288 176
298 68
397 70
270 198
42 50
63 176
302 83
239 52
22 40
87 199
229 35
188 165
252 99
190 101
138 122
227 14
54 68
148 106
203 161
198 50
51 141
188 139
311 46
107 183
326 101
382 167
324 73
203 23
148 16
357 130
169 88
35 64
26 189
354 85
181 203
230 76
389 55
231 115
230 169
265 185
232 117
172 102
18 18
310 90
362 137
93 97
130 26
394 196
357 101
170 147
322 85
294 195
279 25
262 98
66 13
210 91
261 54
313 174
296 61
197 166
163 22
126 34
44 18
238 140
334 146
86 150
43 164
207 23
50 107
163 128
388 42
252 91
404 201
61 62
270 163
400 116
106 55
80 53
256 78
89 56
221 125
188 198
279 139
359 136
238 108
404 19
84 56
289 43
30 102
368 54
203 21
208 163
277 68
347 43
133 191
81 158
156 21
198 65
127 41
263 39
386 190
163 101
201 126
295 195
379 148
186 23
56 169
251 92
108 148
184 171
68 181
368 96
49 108
266 113
106 37
312 99
311 63
343 182
12 125
264 57
98 189
404 112
76 175
282 149
168 168
45 150
213 104
349 46
20 40
178 77
194 200
112 76
404 64
183 108
244 197
203 103
12 159
68 114
368 49
102 112
305 56
51 34
206 55
271 174
94 162
85 70
124 138
89 27
66 177
221 113
218 54
136 132
16 11
163 131
395 197
390 117
270 124
291 161
282 100
368 146
39 106
267 51
322 27
281 135
201 178
160 68
309 80
102 41
247 121
138 77
310 100
177 26
88 139
147 11
159 205
87 89
294 56
140 156
236 51
378 80
288 90
200 94
286 27
191 85
248 113
239 80
25 174
145 201
326 55
109 206
118 75
156 124
339 148
384 34
337 25
83 135
15 195
45 86
204 150
138 16
172 202
348 42
75 139
221 97
193 174
55 116
262 118
87 66
200 37
111 11
58 38
284 203
143 123
327 188
248 74
63 146
11 190
407 13
117 83
348 195
336 193
139 157
184 109
176 123
234 68
401 25
319 178
380 44
408 195
111 184
90 63
103 84
396 59
298 153
366 197
88 206
44 88
207 119
403 97
63 103
116 105
63 60
263 141
93 186
385 114
27 107
57 149
72 133
135 18
28 132
30 10
248 202
13 91
173 108
160 99
109 39
220 28
239 75
58 23
86 14
291 74
340 132
206 132
139 190
310 90
373 136
175 187
388 184
346 153
284 203
55 65
320 58
330 141
106 142
65 23
175 207
181 185
178 115
112 115
184 13
206 125
140 156
119 29
180 78
187 115
52 133
175 187
385 16
39 99
105 45
68 110
160 78
288 112
270 153
344 43
408 188
154 153
171 169
174 107
113 111
154 65
285 201
336 59
313 66
11 112
306 81
138 92
354 162
316 175
142 125
29 92
353 67
288 160
73 22
77 164
225 96
172 51
63 191
275 208
254 119
221 106
351 153
140 209
283 123
176 142
188 151
248 142
253 56
152 48
14 179
220 207
237 83
108 33
226 63
320 65
314 48
246 98
342 149
97 109
228 89
389 173
30 32
209 177
114 61
363 145
67 80
354 85
349 111
32 99
382 58
222 135
211 123
109 56
17 30
354 40
150 149
82 75
62 47
175 84
266 82
113 29
366 78
120 182
250 116
160 16
171 159
326 122
147 74
139 99
311 171
247 185
23 118
319 82
371 84
234 89
283 13
33 163
248 36
149 50
170 163
213 209
66 127
64 33
273 124
135 204
191 124
103 201
272 140
246 176
213 112
299 14
159 208
259 66
345 195
130 80
295 75
87 22
137 136
227 150
52 130
74 132
291 185
139 80
106 24
77 126
108 42
