110 16
256 193
374 209
111 118
395 193
33 60
116 194
272 47
139 29
172 47
148 89
144 204
29 95
341 71
263 164
389 19
37 182
339 84
18 194
153 87
296 85
178 186
158 105
137 133
338 139
305 209
103 99
55 96
256 196
69 94
190 108
329 46
374 46
341 96
55 126
343 193
26 124
332 51
203 182
161 103
87 55
346 16
342 100
71 194
219 152
387 83
314 94
62 176
345 87
398 11
90 85
98 172
264 80
103 206
256 94
142 20
83 96
30 75
201 43
166 49
183 92
214 62
259 112
366 138
152 35
278 127
358 95
384 89
267 111
27 11
56 84
266 108
93 40
293 138
375 185
333 69
91 200
405 31
403 187
96 19
296 40
182 188
144 43
187 167
27 26
145 75
121 63
332 55
94 45
198 102
280 182
181 95
224 148
250 71
47 183
28 203
260 175
308 176
131 91
201 94
15 89
191 149
203 46
220 174
270 192
347 141
325 130
229 62
238 56
268 206
386 68
281 202
161 128
57 126
21 133
212 119
240 147
335 129
39 50
162 209
308 49
171 146
342 61
84 98
364 36
275 202
370 73
65 25
330 11
158 11
206 202
179 49
85 74
279 24
325 163
70 62
408 167
366 178
354 38
268 60
370 183
391 109
407 176
331 104
101 87
42 152
407 202
381 156
375 188
257 185
348 209
272 135
244 156
396 15
274 70
116 99
201 178
32 118
362 183
15 69
346 206
68 182
264 68
380 40
173 34
99 76
117 147
312 19
125 174
190 144
238 61
180 95
345 125
247 197
291 39
38 146
386 70
102 13
344 114
87 94
352 140
407 74
135 43
150 202
206 134
138 197
109 155
228 56
25 112
82 163
73 160
230 86
341 104
167 163
304 146
358 142
360 153
276 66
59 63
194 205
13 36
169 87
71 200
44 87
274 114
218 207
244 97
376 137
10 148
222 66
23 117
369 198
380 11
370 116
73 208
36 67
146 32
307 69
133 11
292 83
299 61
135 202
302 172
308 108
330 65
293 169
406 75
144 176
309 168
249 169
248 54
149 133
182 161
145 176
63 141
20 37
349 31
178 194
28 175
275 102
12 105
403 193
149 44
187 147
346 97
209 112
80 40
187 65
369 80
169 118
284 46
260 203
112 161
321 145
201 35
171 151
345 202
176 105
171 111
186 47
68 94
242 177
395 16
256 97
362 38
405 121
309 86
156 64
315 139
110 63
251 48
278 48
185 45
164 17
112 173
214 173
154 39
340 108
398 28
74 117
394 96
203 153
145 189
404 161
294 36
384 26
170 149
186 80
35 10
55 121
109 126
21 180
165 99
127 130
228 197
179 43
200 41
53 124
153 187
181 168
363 150
318 100
303 108
177 199
335 88
338 186
218 138
208 189
28 196
27 42
210 75
353 125
125 144
106 60
53 15
245 84
367 191
18 156
258 99
305 14
166 65
59 123
222 145
96 78
216 168
96 156
163 190
366 35
320 196
146 64
188 146
206 69
269 128
355 179
394 163
116 164
352 171
139 125
258 187
379 57
241 144
55 97
125 69
65 43
314 174
357 17
327 52
86 180
331 81
201 64
400 116
97 49
388 63
395 94
190 39
43 198
286 68
22 64
360 10
82 15
371 174
186 142
93 181
327 200
225 122
124 19
283 206
256 166
379 13
273 112
105 182
151 195
312 75
86 106
93 147
265 142
66 116
251 111
134 44
215 209
168 10
260 197
244 185
313 170
301 117
23 171
11 64
214 178
86 151
64 13
100 17
142 113
112 136
31 172
60 195
288 80
344 26
409 92
211 76
340 13
304 118
355 141
13 173
130 98
49 134
139 187
20 195
25 143
100 89
239 150
197 152
201 115
216 35
339 51
127 104
121 175
351 185
383 40
167 29
242 108
80 17
126 75
246 91
274 208
23 152
385 52
233 140
154 45
16 154
282 55
368 133
160 97
304 71
17 92
224 23
110 15
172 144
275 206
162 119
33 148
352 21
14 159
113 151
299 91
90 26
134 138
95 59
273 114
172 182
403 103
257 20
142 59
285 83
33 147
110 97
94 28
264 48
334 198
341 17
36 143
219 106
127 75
132 17
228 59
202 142
348 123
161 148
298 40
154 17
111 146
389 207
65 111
310 65
90 41
172 137
13 48
94 105
190 122
86 113
306 154
115 65
292 47
393 111
314 55
60 51
391 100
221 209
35 85
116 63
152 72
158 112
62 47
345 24
249 144
126 121
337 121
238 117
211 180
97 13
150 191
218 177
48 144
287 129
74 135
311 52
129 188
341 150
95 10
244 79
234 84
179 186
234 144
276 83
209 73
176 93
342 201
189 139
226 62
258 93
207 140
137 190
94 60
182 27
344 172
136 174
167 30
94 188
230 61
204 67
358 22
222 97
210 164
236 169
165 14
62 71
235 108
274 62
182 40
140 55
18 122
109 69
42 151
279 143
332 114
239 29
362 67
52 71
291 120
400 115
210 41
285 29
245 40
41 67
96 25
189 81
179 86
154 203
250 190
261 106
99 103
341 113
389 161
74 32
335 37
128 16
63 126
69 72
68 167
135 63
406 53
369 27
68 143
72 177
78 203
65 134
245 18
405 14
143 167
87 68
112 116
341 161
165 30
14 175
226 113
324 120
15 15
305 11
78 141
206 208
16 127
34 19
25 85
72 54
225 125
212 66
300 12
135 62
188 127
177 52
182 199
183 103
387 36
149 58
215 17
37 197
151 72
273 25
278 119
53 135
97 156
329 155
269 45
77 47
301 203
373 149
184 104
328 156
153 94
308 32
137 106
52 35
203 97
373 152
230 33
37 146
329 91
140 64
297 32
144 99
174 154
276 83
63 140
384 47
283 76
183 60
347 136
52 97
324 135
119 168
384 34
351 166
15 138
376 191
314 148
119 156
41 154
211 142
165 75
183 64
336 47
293 48
100 131
205 14
298 36
318 112
60 90
396 125
253 186
51 40
199 129
395 72
68 189
268 118
385 142
228 46
177 150
87 162
334 44
54 99
373 23
403 161
162 129
148 205
105 66
342 181
280 111
67 56
57 123
23 203
268 204
368 187
100 137
68 43
32 187
120 192
301 201
30 59
42 144
222 143
365 122
248 124
164 119
376 172
271 66
44 28
172 46
18 197
98 176
165 203
130 134
26 77
394 16
310 22
333 54
242 195
128 43
226 183
181 208
34 132
173 204
354 26
106 187
243 44
131 12
130 121
44 23
341 65
133 62
116 34
385 172
106 137
250 60
123 68
402 131
360 207
29 168
337 133
94 203
107 82
160 100
370 47
406 149
304 118
196 43
239 182
63 40
251 33
290 85
76 100
19 63
115 150
198 71
66 157
177 102
321 182
271 104
254 67
264 41
196 82
96 173
368 59
15 196
256 162
306 143
380 198
337 12
234 137
208 32
173 106
409 117
397 135
57 41
237 70
282 49
73 126
210 182
174 193
106 72
239 93
353 64
356 156
210 178
326 96
387 51
41 59
127 79
329 54
39 30
168 16
372 159
294 138
113 174
194 80
278 27
160 50
119 99
12 132
175 26
238 107
391 104
319 65
188 108
10 203
272 207
118 33
95 11
131 125
244 99
115 88
61 180
188 41
93 133
283 191
352 11
363 138
180 184
406 44
391 61
347 102
107 85
16 152
129 180
394 81
181 151
187 120
166 86
363 26
57 72
58 133
110 21
228 108
211 122
231 116
87 81
81 86
66 23
350 111
99 162
32 52
395 138
79 50
216 150
132 52
132 59
352 94
31 201
306 58
170 31
409 209
246 144
135 149
332 53
327 180
382 85
272 39
157 10
153 188
221 182
320 88
102 22
406 49
349 94
109 148
146 133
213 146
315 155
99 33
321 160
115 200
232 142
144 130
405 129
65 79
172 14
54 55
216 130
147 40
78 36
220 58
228 198
211 97
157 208
205 203
248 198
107 83
91 180
120 29
42 38
222 106
173 140
271 126
256 62
96 145
316 60
168 187
198 106
122 60
390 66
30 75
331 42
119 108
14 47
49 63
404 154
25 191
312 186
50 128
104 146
165 181
110 157
152 57
178 47
258 140
141 46
254 120
81 137
254 29
136 47
51 177
123 140
266 20
229 167
376 108
70 119
153 68
219 15
213 170
14 191
325 177
154 102
164 196
179 77
345 132
147 85
85 140
135 172
392 186
140 100
72 33
68 196
21 93
125 51
198 87
260 186
280 82
325 73
25 77
167 165
112 106
214 57
287 133
336 170
43 185
117 55
108 88
376 137
16 18
251 40
164 120
394 22
278 169
231 200
405 60
358 153
266 79
121 185
235 199
127 31
348 49
408 138
185 113
204 47
179 33
141 190
407 101
298 205
325 20
294 81
46 161
360 34
239 114
36 191
174 161
234 66
163 178
13 45
89 68
295 109
341 139
219 165
294 181
219 182
253 188
123 46
303 83
150 79
328 77
239 122
99 162
122 195
295 11
349 135
372 32
321 19
255 104
157 30
74 65
101 82
119 65
174 151
30 148
134 73
349 206
162 187
272 203
152 51
17 189
46 160
97 103
258 81
200 200
347 40
26 145
288 40
203 74
88 178
196 98
385 110
373 38
53 56
29 68
218 177
185 56
249 104
265 199
210 80
313 98
157 12
79 165
324 208
176 113
383 209
72 94
208 64
265 149
241 27
387 61
378 61
214 60
391 176
388 193
249 79
186 112
44 192
64 189
217 178
367 180
365 84
370 120
42 87
49 187
204 196
362 174
190 72
80 185
78 47
313 77
47 151
34 88
174 23
54 201
407 191
159 44
184 169
348 208
22 73
35 31
367 50
281 14
112 185
112 150
40 149
368 194
204 15
202 75
300 38
296 72
102 30
297 177
378 98
332 13
318 32
26 203
275 37
313 46
135 192
366 13
220 179
83 10
24 135
185 160
223 103
79 91
175 192
180 155
26 127
122 145
297 115
284 53
318 69
97 23
11 94
321 100
273 56
295 107
140 183
40 169
157 41
163 202
328 147
233 153
64 142
31 130
127 187
258 110
106 187
250 78
227 170
178 108
209 132
54 158
318 48
78 124
304 140
251 101
266 49
304 188
371 193
339 81
72 55
323 133
157 190
27 70
73 76
264 68
115 151
312 187
24 193
372 58
175 80
320 139
126 130
96 45
13 87
205 166
363 207
312 188
49 206
125 174
164 116
364 86
31 90
197 202
320 162
114 35
33 206
217 118
106 60
273 42
101 129
293 104
67 107
280 73
365 27
216 53
220 35
117 64
77 180
276 34
272 108
255 191
160 22
303 60
376 193
189 171
99 118
309 137
277 100
140 62
408 38
307 188
90 160
124 179
21 118
157 69
206 62
371 166
179 158
41 142
335 97
153 162
15 182
162 191
154 137
363 193
332 87
87 83
356 28
41 111
383 31
57 105
52 136
328 167
370 112
304 124
246 74
368 173
210 73
343 11
394 155
46 11
272 44
379 26
131 117
211 140
131 167
368 135
137 51
115 139
389 35
204 190
375 150
56 109
258 144
10 197
221 160
237 27
76 15
152 24
31 190
307 18
314 110
185 135
117 205
15 99
212 48
260 139
185 188
201 170
184 106
163 101
396 179
47 27
344 31
309 175
33 148
256 32
330 69
13 64
351 113
130 28
263 94
401 28
68 133
44 164
28 63
379 130
141 209
76 161
156 84
235 157
383 209
243 175
60 179
163 108
65 28
356 17
214 45
394 65
288 104
313 99
247 152
138 173
314 196
14 86
177 127
50 107
291 100
243 176
201 72
356 33
178 120
78 89
185 69
248 178
37 101
263 54
175 68
231 47
201 163
74 130
285 143
49 113
131 125
89 160
199 109
152 96
314 132
40 171
280 31
178 47
107 68
239 15
302 67
155 45
260 78
331 53
409 77
400 46
313 69
173 66
48 177
182 137
194 57
41 160
220 154
241 72
122 30
376 28
394 102
13 154
273 21
311 86
157 63
217 36
11 58
406 197
58 60
22 51
400 93
74 24
171 22
332 140
106 18
235 54
205 20
118 13
362 49
134 166
226 104
81 129
163 167
28 24
255 167
321 120
253 90
18 99
319 52
92 60
147 113
63 12
334 29
253 45
246 34
145 198
254 93
51 126
376 113
201 92
214 105
335 78
337 40
314 24
94 83
265 56
334 169
269 136
196 98
11 27
205 118
176 156
267 151
324 11
386 26
210 81
391 74
391 78
69 78
89 145
114 187
202 144
353 125
253 88
25 26
328 23
23 63
154 184
303 167
175 128
329 145
66 207
26 202
162 128
63 84
232 204
241 93
296 187
390 58
166 101
132 205
107 185
380 172
360 164
84 149
282 164
341 23
335 53
406 114
23 188
233 50
287 186
389 96
282 75
195 26
225 15
381 155
333 49
292 126
65 14
49 39
365 104
222 91
209 12
37 193
95 105
25 17
21 11
85 116
233 110
354 163
229 70
284 93
325 38
71 52
302 120
350 71
322 45
172 157
369 109
239 120
402 144
153 64
226 198
409 170
396 53
281 88
107 41
201 162
380 161
93 54
22 40
354 108
318 104
391 173
23 70
10 102
375 162
160 119
352 141
152 201
28 16
194 190
10 178
76 35
201 82
238 148
306 198
215 111
396 188
343 172
298 95
271 75
23 61
21 118
36 134
124 81
225 31
36 207
315 95
366 143
165 185
114 95
154 28
132 95
305 24
325 129
114 154
86 135
393 201
82 182
281 10
316 10
290 49
23 187
117 113
213 182
55 70
130 166
325 161
353 44
72 19
263 132
153 181
71 43
38 96
382 102
69 169
368 117
200 207
99 56
241 56
106 208
264 192
260 113
236 100
311 166
23 142
22 14
244 122
59 86
21 176
129 119
48 82
337 57
106 33
207 88
135 148
118 206
192 97
210 65
294 150
252 166
166 41
27 150
318 183
360 176
79 163
227 16
19 159
325 151
33 103
293 162
302 52
335 87
342 143
18 93
396 23
169 107
46 124
172 164
221 148
72 194
219 191
348 57
310 174
53 141
180 113
397 143
303 201
95 59
163 179
190 149
165 94
310 86
183 111
147 89
393 67
337 107
194 188
164 146
336 208
57 37
188 183
93 133
225 163
284 91
142 108
60 130
378 149
236 53
168 81
343 36
267 27
285 83
28 164
243 172
73 13
58 175
336 48
222 86
109 10
336 46
240 84
166 43
307 170
321 194
170 99
15 61
331 83
323 51
384 117
354 30
219 109
286 17
313 165
88 162
122 118
402 116
225 113
275 40
343 46
190 21
164 14
21 101
128 196
42 98
103 33
263 161
28 184
159 189
47 78
164 168
289 30
345 54
407 125
187 154
238 137
284 204
31 127
112 131
195 30
284 40
264 14
203 51
180 165
307 179
73 51
120 24
58 164
351 106
237 166
134 55
401 35
194 113
194 65
376 111
59 185
304 158
220 117
375 198
380 149
180 65
400 99
189 90
332 166
347 19
137 68
348 170
296 140
55 108
150 35
197 209
337 60
206 91
266 85
273 146
219 168
73 193
379 192
44 143
144 61
213 158
340 121
325 192
347 83
325 147
35 100
127 106
205 65
46 175
203 184
131 181
219 190
329 67
67 152
347 134
109 137
245 93
149 131
361 99
32 105
371 48
128 109
382 161
326 206
392 170
39 196
339 201
385 23
14 117
95 188
68 95
76 89
19 183
245 156
352 146
290 110
281 58
214 198
10 175
388 28
196 37
325 90
363 86
151 138
367 41
104 164
302 34
308 46
263 117
379 10
258 165
215 42
287 18
316 23
28 131
240 82
58 159
317 122
194 186
341 184
148 190
38 192
49 40
366 145
218 77
112 125
39 133
391 117
173 31
171 191
346 21
386 18
162 120
313 36
224 71
34 209
165 85
16 175
36 177
65 152
274 41
348 55
152 41
363 14
171 161
250 64
45 117
385 91
341 193
14 160
13 52
103 61
42 100
335 202
193 187
246 140
72 17
390 71
123 154
395 55
129 200
34 24
270 100
22 124
41 81
71 109
80 18
108 132
283 46
26 81
47 160
37 20
101 172
390 132
106 150
46 62
343 37
379 72
163 97
40 14
360 185
298 20
19 104
136 109
144 88
234 172
358 127
293 170
63 66
37 183
91 119
29 28
261 119
380 128
134 180
240 57
40 63
191 13
350 86
227 122
162 156
38 123
318 201
159 140
48 59
395 88
232 165
384 80
243 23
205 167
157 102
310 52
147 69
383 64
359 124
119 201
55 73
231 134
351 68
138 115
222 136
367 135
183 198
237 20
234 19
200 183
242 54
97 105
287 155
82 133
167 19
233 11
392 127
308 60
82 66
287 183
371 143
298 91
162 44
143 46
192 77
114 190
92 76
74 22
390 63
335 203
390 18
20 191
158 31
342 174
397 139
325 104
230 155
340 118
320 70
12 199
191 189
406 53
179 88
168 180
127 99
366 139
380 178
381 47
383 192
277 68
185 142
325 37
78 209
20 190
41 125
45 87
157 177
105 60
174 19
100 123
321 30
137 166
354 169
351 121
85 114
264 158
367 11
119 47
149 35
402 172
373 168
265 54
196 27
54 51
215 141
213 171
182 153
86 185
126 73
112 127
359 62
296 107
293 26
194 70
290 160
295 48
332 167
57 180
394 83
99 17
69 108
340 139
197 155
221 95
10 50
344 47
252 163
108 205
85 12
31 10
397 73
347 121
198 138
324 16
25 119
24 71
304 82
72 21
134 156
231 207
220 34
48 65
94 137
141 154
357 104
165 107
14 53
213 49
315 42
131 83
40 137
127 182
352 206
26 71
81 36
171 88
302 43
16 39
228 201
274 115
159 150
125 137
269 44
222 174
131 182
365 173
143 200
173 99
14 32
306 186
174 68
242 91
199 36
63 127
214 97
164 200
106 143
126 115
338 86
109 25
54 175
171 110
150 101
108 161
352 193
375 166
262 123
84 88
286 86
230 91
60 132
107 73
45 185
145 90
213 180
219 186
28 179
117 126
261 23
180 127
31 64
354 178
79 98
344 39
109 208
380 161
158 39
174 53
290 159
382 150
303 85
304 24
30 36
194 52
292 182
45 76
180 134
154 160
306 15
343 23
75 98
234 106
148 180
406 13
384 190
124 183
294 58
19 197
130 162
154 194
107 186
302 137
293 65
376 86
408 132
344 74
256 61
72 29
86 10
90 209
207 152
51 149
196 49
332 79
370 52
71 22
354 108
287 30
395 171
147 101
199 97
148 206
292 47
61 108
76 49
83 185
167 60
236 143
127 172
117 167
388 178
175 113
161 11
281 27
383 140
148 85
72 116
67 28
287 187
161 149
206 74
152 141
240 75
207 198
224 35
83 173
322 60
154 10
241 56
404 16
280 170
386 189
276 31
316 164
345 54
189 201
277 28
370 93
66 35
115 51
240 204
289 201
242 26
353 99
152 129
247 108
173 143
327 167
34 74
119 158
170 66
121 16
375 80
216 144
53 127
337 171
278 177
293 139
350 85
43 130
239 184
379 200
56 178
24 209
121 203
109 41
331 54
220 146
334 92
211 119
274 76
273 169
217 113
231 58
13 157
17 24
159 29
407 45
16 12
255 108
99 76
358 198
258 58
175 46
368 90
219 26
63 124
346 20
227 165
80 55
199 168
59 173
286 70
180 208
173 156
292 160
71 45
345 165
120 199
234 78
279 194
407 97
293 22
36 75
187 12
55 10
340 64
144 105
310 109
121 116
247 202
158 165
29 52
159 102
150 108
132 136
377 18
352 179
301 34
152 183
329 166
182 123
300 164
105 52
302 42
159 112
390 151
374 58
77 139
192 17
242 193
261 189
96 140
237 178
285 201
222 32
165 164
322 81
343 101
29 45
349 155
398 155
18 17
212 113
303 73
179 173
262 175
310 69
211 63
119 148
15 42
397 46
391 36
118 126
333 81
197 157
157 106
317 30
83 59
271 104
75 151
96 188
104 53
319 183
250 20
197 98
122 21
222 152
183 145
279 48
262 195
281 28
309 70
133 105
33 146
207 144
345 131
192 164
130 171
119 141
124 138
176 124
37 147
232 48
333 144
160 160
26 208
208 34
173 24
205 204
116 160
365 81
81 31
123 158
267 18
103 85
259 105
368 74
26 106
52 100
385 51
119 198
17 98
194 23
365 103
366 166
212 92
385 66
299 67
88 178
139 25
182 32
294 74
28 115
384 133
330 77
364 145
292 178
228 152
152 10
285 139
223 121
266 182
226 189
32 46
224 87
138 104
61 134
221 19
381 72
207 201
273 19
340 162
320 139
281 138
314 116
181 124
25 83
156 79
73 72
326 40
10 135
320 111
404 111
113 150
330 49
287 200
177 101
370 207
387 74
234 137
335 30
349 11
292 53
228 174
302 76
278 177
63 88
309 15
162 18
88 67
316 78
152 129
131 205
159 207
180 96
141 68
32 109
269 183
87 119
120 75
344 201
169 122
246 203
193 159
175 120
219 33
154 103
194 133
47 177
193 18
396 34
92 67
308 84
302 17
10 88
178 31
191 79
357 58
24 56
124 104
148 146
258 104
269 60
37 35
124 138
274 129
306 75
237 183
260 154
358 183
342 122
73 105
124 13
388 105
173 38
190 81
137 61
406 200
124 100
137 99
291 208
121 83
223 122
330 103
408 86
62 115
131 99
244 33
215 44
253 72
172 167
175 106
389 172
381 202
288 200
151 173
396 147
365 56
330 134
122 131
327 153
159 109
137 188
365 136
23 148
359 197
46 41
296 35
177 182
49 85
177 184
165 114
382 114
392 121
188 120
229 115
185 195
303 83
254 141
139 108
37 173
332 83
90 149
271 141
196 202
56 185
38 68
268 57
177 111
65 37
397 80
35 80
408 124
168 159
61 198
70 160
264 167
243 23
41 99
45 135
135 145
236 167
168 115
245 146
206 168
64 68
228 62
252 162
409 187
177 49
300 118
390 105
41 50
148 75
210 83
203 177
338 27
68 158
398 47
278 142
13 158
253 198
266 170
296 143
263 202
65 23
291 14
403 145
223 77
151 190
14 148
255 172
236 200
279 110
337 102
89 180
69 88
176 44
230 195
79 49
199 23
354 19
300 87
341 119
227 73
36 49
181 96
115 167
126 120
47 175
232 105
356 172
367 136
161 117
17 178
313 151
372 75
11 132
156 119
36 148
93 102
307 91
174 109
94 58
319 10
67 162
172 136
97 47
258 180
216 90
162 151
206 33
324 182
388 155
205 150
120 62
148 60
348 52
402 164
167 182
392 135
379 111
53 27
359 140
151 206
269 25
178 162
38 88
159 176
85 207
263 206
122 71
81 50
392 196
312 84
344 154
240 191
175 188
346 129
286 99
246 132
25 21
312 147
282 155
303 88
118 200
386 165
272 31
235 178
285 84
56 183
232 38
352 146
295 187
260 179
158 84
230 46
242 99
93 161
144 51
105 55
383 46
373 124
164 172
379 82
228 67
300 59
239 138
239 40
395 99
346 137
287 136
383 78
257 77
185 182
66 70
71 85
296 114
360 203
156 72
104 75
166 161
10 98
405 207
70 145
179 108
197 147
313 134
379 155
127 34
227 168
86 54
401 186
218 203
260 138
146 187
395 37
361 111
330 138
66 204
205 204
136 127
12 73
180 175
111 76
386 10
132 104
374 154
15 70
27 73
193 153
220 83
92 152
359 84
277 203
126 106
395 66
64 131
264 99
328 98
198 42
388 142
355 21
169 131
360 185
116 13
86 191
372 138
290 107
118 16
243 207
289 64
313 115
52 121
400 128
365 151
181 61
268 93
57 177
102 128
36 82
30 38
172 86
289 208
245 159
48 68
59 44
356 174
158 71
333 127
173 17
363 166
231 204
241 119
205 178
279 129
172 186
191 61
26 84
394 195
271 69
108 127
230 36
61 76
51 21
289 143
247 110
59 80
34 121
141 108
312 154
131 167
120 185
177 184
297 89
41 45
133 130
338 145
203 149
69 59
239 95
218 121
389 71
323 148
174 122
215 109
226 15
290 81
319 143
106 145
240 127
117 181
162 177
26 66
131 144
181 154
59 187
303 107
176 147
125 130
388 160
295 97
370 129
188 159
202 155
20 71
152 205
406 172
140 81
44 99
309 28
259 201
239 98
103 15
159 44
399 203
108 123
293 177
209 186
57 33
192 23
406 187
137 18
292 33
107 177
80 75
138 67
201 89
162 27
300 12
27 48
179 118
317 67
169 12
182 88
289 112
202 185
231 44
106 151
359 20
296 10
302 195
26 43
302 17
237 16
21 67
11 136
63 139
160 120
203 98
234 133
316 51
303 146
17 122
244 204
23 205
363 92
30 146
124 93
121 161
231 72
42 171
152 204
253 43
172 177
387 155
84 63
162 51
88 18
331 94
110 201
397 101
187 71
232 16
120 73
388 177
233 74
355 148
362 68
276 149
378 207
361 168
61 47
124 118
45 80
189 199
337 149
95 203
272 131
388 85
279 191
326 130
122 103
168 14
360 159
396 57
194 146
86 80
333 68
256 78
181 150
223 165
132 10
262 79
180 127
266 162
241 79
327 100
339 111
337 82
74 70
140 207
59 34
32 100
139 200
151 99
329 178
281 120
176 166
11 146
60 84
115 118
14 48
383 141
43 185
102 23
106 73
238 192
301 111
256 26
95 169
298 155
80 189
227 17
157 50
84 99
291 162
293 49
52 203
246 55
155 183
351 174
61 96
249 75
146 192
63 188
258 152
319 72
83 175
374 71
370 118
91 42
303 193
218 84
350 32
308 121
251 199
20 62
126 187
198 201
367 126
371 178
124 181
304 186
73 32
248 26
151 41
406 192
120 145
312 110
306 111
353 196
130 130
30 111
387 146
43 193
303 97
118 146
132 208
36 207
315 23
194 187
277 85
303 44
23 185
57 175
296 32
69 46
217 176
147 209
276 28
305 83
343 161
318 206
259 104
34 161
128 86
173 185
100 192
157 70
84 123
244 192
234 10
408 89
327 41
157 69
298 138
176 151
242 110
277 133
257 127
84 184
289 123
223 85
43 131
136 23
198 133
112 200
141 15
19 13
133 165
290 98
365 204
208 22
70 72
306 64
85 187
337 154
198 111
338 205
371 22
280 30
118 64
87 31
284 165
252 57
362 123
364 200
260 106
58 95
27 110
205 30
343 181
273 33
214 162
188 99
292 137
356 99
219 195
208 182
28 68
188 165
303 28
241 208
312 43
308 18
235 193
222 191
272 61
76 156
218 187
231 78
85 35
70 150
270 184
195 75
56 86
44 65
332 64
235 113
352 201
344 48
171 25
317 132
120 162
90 204
217 140
170 183
302 165
85 80
263 181
88 129
214 130
98 62
152 15
241 203
389 186
284 56
373 182
338 203
374 142
163 71
140 139
157 149
72 24
106 128
109 83
71 157
398 167
328 202
219 104
203 94
270 191
10 154
401 103
277 183
131 111
271 96
43 177
327 104
331 130
27 151
184 82
312 33
105 150
213 16
319 157
80 163
84 160
169 135
375 174
78 141
326 30
294 92
301 46
66 41
286 155
113 43
17 178
163 92
111 87
129 205
89 68
250 17
63 61
177 70
333 73
165 79
72 83
241 21
250 41
341 46
122 93
196 151
128 139
225 166
327 34
51 187
228 134
336 121
406 141
345 39
110 57
146 124
17 205
86 90
251 132
200 34
295 54
173 160
28 36
344 48
10 206
21 89
22 59
378 138
225 209
219 138
160 46
46 132
88 54
302 147
152 85
307 146
236 103
34 168
318 110
385 89
287 101
14 120
183 179
65 156
74 121
78 136
300 135
335 88
181 68
98 89
328 109
111 152
49 192
77 22
125 105
229 74
127 37
166 95
16 69
235 95
374 189
362 184
297 118
335 103
274 112
344 123
308 44
338 19
47 57
324 74
98 37
170 41
242 87
117 142
345 139
241 100
128 109
215 43
47 129
148 153
308 34
346 97
83 138
101 107
350 90
337 93
277 122
154 200
47 75
371 37
153 203
187 10
206 201
77 152
72 169
328 39
374 202
239 44
62 70
161 169
117 34
202 21
125 79
139 15
366 113
265 197
249 78
290 97
88 32
357 127
10 110
241 24
365 136
158 203
285 194
92 124
349 187
313 85
131 134
71 12
264 96
397 53
64 83
284 90
231 195
357 32
397 128
105 100
84 11
305 94
343 132
255 180
221 131
357 50
174 77
405 49
149 145
136 14
87 44
19 148
163 66
150 172
90 166
87 20
273 20
15 13
52 173
355 146
14 170
86 30
23 141
349 141
332 164
51 30
197 151
93 191
51 141
273 66
137 106
35 199
316 179
384 137
158 181
351 21
151 194
356 48
37 189
358 169
134 41
36 135
99 101
20 132
272 35
28 10
209 66
277 13
303 88
380 185
122 51
10 101
129 114
215 41
401 159
138 172
283 88
324 137
185 94
63 50
177 54
17 13
202 167
261 198
31 66
363 190
371 153
158 43
52 89
151 120
322 57
176 150
145 168
380 90
174 98
133 81
223 84
38 194
238 32
347 187
406 187
165 159
46 21
162 198
263 104
12 45
33 157
208 135
163 131
163 92
74 153
160 58
273 70
261 17
290 55
15 75
108 145
114 116
390 32
174 46
83 127
46 152
390 73
387 16
55 79
368 55
118 66
119 140
368 172
181 123
97 34
89 183
89 117
202 157
193 162
330 196
367 14
69 90
104 117
111 80
342 37
157 65
330 151
402 151
20 206
29 167
81 34
145 126
307 39
358 163
343 122
110 150
52 172
362 18
48 43
365 208
87 45
353 156
190 54
217 107
116 107
103 181
58 127
207 184
101 127
236 21
82 66
50 207
41 99
67 72
213 105
181 174
131 134
116 207
200 159
20 121
248 196
330 142
69 17
316 29
309 188
165 131
375 208
62 156
119 73
265 37
320 129
240 116
385 18
302 75
227 156
251 32
186 49
270 168
42 16
126 62
348 15
298 174
48 109
378 87
37 63
133 104
376 73
404 34
266 167
199 191
85 36
198 41
303 26
251 198
400 99
175 146
273 185
225 69
213 25
142 15
29 157
45 81
182 201
187 150
37 102
263 35
87 190
398 42
18 175
265 37
288 52
149 137
349 64
68 120
78 188
50 116
324 162
43 49
194 51
347 90
395 31
182 31
64 51
169 30
185 96
336 143
305 193
218 188
279 68
378 40
402 125
47 63
404 72
102 39
227 190
398 134
52 81
172 116
408 187
80 154
268 76
152 51
380 75
100 146
408 71
74 52
105 110
155 87
53 101
293 187
17 25
330 160
119 70
289 201
201 198
316 96
372 188
106 105
296 25
29 19
87 63
142 60
332 77
320 116
126 82
290 14
261 133
185 74
253 28
382 110
249 59
275 63
409 128
316 130
126 205
252 143
77 21
397 177
51 171
228 175
56 135
228 47
279 194
354 75
317 12
265 116
112 180
239 159
162 40
135 93
102 45
137 15
178 209
223 194
85 199
257 79
251 68
179 62
46 24
109 28
16 94
155 98
247 207
39 17
360 91
84 74
279 146
28 131
61 11
268 15
283 179
125 140
254 136
375 75
163 174
338 188
157 170
301 17
229 21
386 27
402 35
281 98
169 12
189 41
310 131
44 56
252 93
370 167
121 156
120 119
222 69
345 139
29 183
214 39
227 110
346 80
329 142
208 100
310 19
132 163
247 192
231 110
321 31
247 159
213 193
78 169
70 166
250 162
56 103
205 150
233 161
326 189
388 173
384 128
227 175
217 40
197 35
341 80
177 47
324 148
298 165
49 10
179 95
253 63
69 48
156 77
62 200
222 100
236 72
320 175
107 127
388 144
203 60
318 183
133 101
385 159
351 176
266 73
383 152
74 12
76 91
106 157
155 89
74 84
169 39
266 176
356 60
269 108
303 147
139 145
357 91
262 110
157 188
255 102
63 43
377 209
327 23
398 173
375 125
274 174
322 57
101 115
406 126
268 27
249 32
242 40
72 152
139 116
172 143
281 185
333 134
147 109
171 94
242 53
43 44
62 33
239 167
169 185
250 149
42 190
34 138
172 52
199 115
312 118
258 106
273 19
129 171
78 200
307 198
45 38
239 182
294 117
74 57
350 88
232 153
29 115
290 107
66 107
41 157
197 22
90 29
221 83
275 128
19 130
37 25
343 110
330 82
274 42
248 175
284 179
23 169
382 148
256 201
330 47
231 86
122 59
378 184
87 65
154 54
299 44
169 109
376 200
276 153
90 57
132 49
315 47
352 94
342 129
213 101
270 56
56 14
31 21
75 27
261 198
206 132
61 45
56 10
248 145
263 43
311 201
260 31
115 166
170 32
124 160
280 143
53 196
165 156
253 133
308 133
369 161
296 84
32 133
154 106
96 35
328 136
287 10
16 24
28 55
222 55
263 139
386 78
182 77
389 65
394 74
78 104
98 10
144 164
222 69
262 196
86 29
306 184
220 181
353 85
222 74
371 203
145 90
298 51
59 83
193 62
16 124
192 186
304 145
397 101
222 107
52 95
19 71
282 179
292 73
367 158
338 64
146 155
401 99
329 23
251 76
225 137
357 124
99 83
306 47
56 191
71 34
238 76
96 114
107 144
369 38
193 139
78 144
291 193
111 80
327 72
190 202
28 18
275 137
222 21
226 172
248 66
227 159
138 195
147 21
315 144
297 93
240 11
44 42
45 99
274 144
347 198
140 12
299 139
241 195
58 39
183 190
358 61
361 124
48 195
406 168
66 179
374 13
259 144
338 167
72 130
36 28
190 123
365 171
229 98
374 155
143 168
393 79
25 18
193 128
201 174
399 44
345 17
111 134
307 192
362 206
158 142
124 131
327 21
361 189
163 200
348 200
388 57
272 134
250 111
227 204
108 82
56 112
296 162
268 25
215 132
378 87
212 94
51 45
335 150
56 21
141 86
378 178
146 42
37 155
321 117
279 207
51 120
39 84
150 157
356 45
88 60
188 155
37 20
207 194
269 124
210 32
154 97
232 129
208 11
302 159
117 20
86 57
19 80
374 81
364 115
33 82
174 24
87 129
391 182
169 59
90 208
352 200
322 148
62 158
375 171
212 105
143 171
262 202
310 138
188 70
17 116
42 120
192 159
307 41
322 53
361 87
29 121
136 180
222 189
132 128
318 188
48 130
358 124
240 83
196 54
369 27
382 112
71 72
134 186
40 68
303 105
24 182
31 137
323 140
54 206
290 32
222 172
88 48
115 205
268 171
20 43
77 144
187 191
161 209
138 113
382 97
166 81
44 81
344 46
234 25
305 21
368 189
270 60
373 157
157 39
243 130
303 10
200 54
351 176
30 68
209 68
125 96
30 159
126 111
191 161
259 90
360 27
342 183
296 172
16 193
381 26
75 89
205 75
26 68
82 29
151 175
166 99
29 73
208 89
359 96
333 114
184 71
354 151
109 22
33 115
224 138
347 197
94 167
293 14
107 179
349 12
276 124
31 174
118 21
99 24
77 189
377 89
64 81
152 163
379 179
291 51
268 122
334 26
275 180
239 187
99 122
376 94
174 67
132 44
80 171
400 116
298 37
300 157
82 143
338 93
409 53
390 194
190 152
78 151
145 73
261 209
218 41
10 11
27 82
142 118
307 203
158 61
389 112
254 144
360 161
391 182
112 172
385 41
29 77
213 181
146 85
380 114
217 96
124 34
37 179
341 156
152 174
182 50
198 55
198 24
377 47
143 38
374 193
109 16
353 96
152 164
333 184
158 156
310 56
182 76
82 62
144 70
101 51
368 116
324 193
364 198
317 162
388 205
405 131
34 23
34 113
210 116
314 162
67 176
379 136
335 82
396 161
280 27
307 115
307 60
249 54
361 114
396 41
171 131
324 66
375 53
40 49
185 188
209 180
51 133
238 128
95 34
90 70
148 13
155 156
344 151
268 126
37 43
126 133
335 199
202 207
116 123
171 198
69 38
122 53
261 109
169 137
63 84
227 77
157 34
164 112
214 200
325 90
247 43
219 197
342 130
161 185
322 130
227 107
143 56
141 62
321 102
82 10
199 122
17 196
186 83
245 94
278 182
348 89
152 88
123 105
344 116
368 200
25 192
408 157
47 139
98 14
32 33
355 75
382 106
155 173
292 104
184 199
255 176
314 164
223 75
278 105
222 149
207 108
368 181
210 150
76 119
113 13
234 142
131 37
157 198
281 111
371 97
260 26
186 167
181 146
69 188
197 94
144 93
278 62
368 91
297 93
318 195
18 187
406 53
154 78
283 28
387 147
126 77
353 191
270 107
22 131
210 194
318 207
133 179
365 45
48 64
134 74
319 41
61 65
173 45
95 129
17 133
81 71
333 53
406 191
164 20
261 207
301 183
218 196
341 113
364 130
73 101
111 126
244 63
43 30
358 120
332 59
70 48
283 46
346 81
333 193
180 66
171 127
110 97
370 158
10 165
123 156
115 18
158 192
88 206
306 34
202 92
168 54
180 183
265 117
186 73
109 181
357 204
206 202
142 65
44 196
233 80
371 155
117 119
233 128
65 118
348 118
113 170
75 209
336 48
116 166
24 93
142 83
288 204
136 72
245 135
146 30
237 33
250 151
200 196
362 135
215 182
79 153
306 10
158 133
324 156
402 168
362 157
41 140
60 32
111 42
139 43
11 157
364 10
25 169
291 192
168 156
371 152
261 139
341 124
151 208
184 91
76 91
216 136
212 167
50 161
269 71
150 141
142 184
318 161
169 56
191 205
106 47
221 18
101 205
83 175
223 101
115 141
107 32
139 87
392 93
121 198
25 55
17 204
341 95
92 175
208 92
339 49
266 145
108 173
358 38
36 84
142 49
206 193
341 150
27 154
189 124
234 89
379 11
114 193
407 155
238 108
248 182
152 164
335 160
169 81
306 190
15 51
173 142
368 177
180 197
15 33
204 14
269 48
378 153
289 156
140 107
363 192
247 93
53 104
33 151
331 174
400 38
173 204
82 43
274 19
335 22
80 107
107 59
265 60
288 60
103 93
236 103
332 187
343 121
371 148
376 19
11 188
280 188
69 183
135 128
316 152
269 136
37 178
132 97
183 13
52 201
252 92
127 175
136 196
223 123
10 55
252 78
17 162
98 179
240 19
258 118
245 48
296 107
279 36
13 18
78 195
334 74
407 56
109 68
120 188
22 50
81 10
341 119
180 137
390 136
294 98
349 44
38 42
343 104
269 90
384 118
359 69
278 174
49 82
142 133
355 139
262 182
369 181
27 15
156 161
76 85
46 186
366 50
326 112
386 117
48 36
276 171
361 165
309 22
161 114
154 171
370 25
374 127
33 24
358 76
258 114
156 113
321 140
207 192
366 168
17 173
392 122
16 67
109 49
369 168
208 120
74 60
317 158
78 190
74 178
47 64
158 147
79 132
182 136
295 135
405 59
44 85
124 147
206 101
186 90
115 190
54 84
356 154
203 89
70 98
163 109
204 51
215 150
379 87
134 37
222 159
116 137
91 199
68 104
37 186
297 128
355 96
42 45
226 189
229 203
166 148
117 95
343 83
182 113
201 145
88 93
76 150
290 122
262 122
330 97
205 209
306 106
378 84
21 197
106 107
386 125
262 123
87 105
374 122
66 29
210 107
165 102
249 46
184 205
181 22
179 190
270 170
268 138
254 52
78 82
54 134
187 44
239 207
306 27
339 208
36 98
284 131
356 57
61 22
238 179
48 28
170 95
288 45
128 38
169 56
13 133
220 70
71 59
23 176
142 68
244 123
180 152
385 139
62 30
32 38
219 77
320 131
389 148
187 91
85 191
193 182
396 69
262 161
367 33
391 135
338 22
67 61
345 94
55 147
59 148
282 63
120 97
395 116
300 100
88 75
36 53
144 176
337 28
394 65
394 69
104 51
311 135
279 30
204 133
56 65
194 29
164 208
188 143
90 29
376 160
13 110
229 48
189 182
356 200
338 85
130 104
368 84
52 176
183 180
84 45
27 167
156 39
260 34
128 89
374 48
161 120
83 18
270 39
143 166
78 162
309 134
108 82
377 59
162 129
253 41
106 142
24 20
240 131
19 139
235 77
294 109
206 28
355 201
26 124
272 162
71 146
123 171
354 11
201 23
345 202
256 52
245 40
22 185
119 113
26 109
166 20
113 42
40 83
243 107
351 101
55 161
374 168
60 132
348 75
362 24
80 154
328 134
302 27
175 85
168 145
191 136
329 134
145 73
326 71
269 158
358 11
188 52
67 100
368 34
65 121
99 103
255 131
205 150
236 22
186 72
140 74
332 154
59 139
285 25
241 198
247 92
150 94
151 50
376 29
127 67
234 174
364 59
31 99
183 108
328 154
143 58
27 134
55 181
149 155
44 147
64 89
395 189
88 125
304 131
58 100
81 137
143 154
92 124
344 43
399 160
250 15
247 20
60 43
10 177
14 109
248 14
220 56
127 207
387 185
223 167
388 209
175 28
167 157
269 122
369 202
347 139
233 141
248 125
247 74
172 12
126 194
40 66
205 99
125 52
192 27
301 159
140 172
383 99
378 111
326 206
323 202
324 188
62 196
379 38
70 154
181 72
351 179
244 104
218 201
300 203
135 33
176 34
298 157
314 190
33 183
47 23
261 153
226 59
16 187
56 117
14 29
380 116
343 93
100 54
107 203
132 189
303 195
273 48
87 155
377 149
116 110
96 150
48 120
350 121
264 187
344 116
10 129
43 17
46 11
65 143
122 193
365 81
112 139
297 154
75 40
210 41
234 132
354 122
124 55
254 149
29 108
321 83
192 208
41 94
397 140
209 152
188 51
207 127
99 160
270 63
365 74
319 137
252 89
315 107
32 62
364 31
296 198
317 128
104 104
14 107
156 23
317 195
204 73
34 55
192 25
362 16
406 106
374 21
289 61
292 129
261 165
238 168
305 73
210 157
363 73
99 64
370 141
29 47
144 179
254 106
142 167
323 147
317 104
81 126
194 32
278 45
34 107
334 39
319 20
394 34
161 29
62 86
184 110
394 108
320 168
75 63
294 194
291 154
27 187
39 123
135 17
215 70
287 154
307 132
26 97
75 21
161 171
408 132
261 186
346 43
21 201
34 55
80 145
81 28
71 132
383 132
39 73
96 116
262 88
213 184
139 62
15 40
403 178
137 147
290 88
135 179
375 54
169 120
291 134
324 122
58 132
115 49
123 24
394 88
173 78
140 138
394 180
253 74
401 59
282 49
182 114
391 132
317 23
185 44
407 207
38 19
140 201
266 19
362 198
300 89
76 147
271 18
350 114
77 36
240 70
241 168
378 22
132 87
192 123
283 59
101 149
318 159
404 139
268 161
220 26
317 111
268 73
328 128
192 138
327 133
315 18
312 16
102 181
117 19
247 92
197 171
69 48
244 15
251 68
17 172
91 110
167 147
53 150
95 181
328 154
355 165
328 105
389 111
305 159
225 32
107 152
129 198
398 160
144 17
184 26
209 195
317 152
353 148
174 163
154 136
221 171
233 197
319 177
338 87
131 27
386 158
371 144
278 108
297 181
362 127
116 175
372 86
202 161
227 26
351 112
386 162
295 37
209 51
73 139
118 119
246 163
143 126
312 132
75 139
301 38
58 33
166 25
403 77
11 145
357 157
210 53
207 105
64 64
387 81
14 79
88 32
303 77
352 192
274 164
218 13
403 100
409 86
263 209
356 177
392 152
190 110
349 193
297 96
29 140
183 135
69 141
210 121
121 50
189 202
344 207
202 97
83 71
269 94
206 14
160 145
56 197
265 84
376 30
169 68
152 16
262 188
279 53
139 34
234 34
78 38
82 150
291 32
116 87
79 33
404 114
272 45
35 169
123 136
204 10
133 207
153 85
70 208
155 30
299 60
138 116
91 171
26 169
77 73
30 28
296 104
273 131
314 190
355 20
397 121
256 134
199 136
40 43
273 163
250 41
346 166
386 122
348 137
245 56
320 20
314 37
222 202
236 178
408 203
61 46
199 87
93 58
277 63
44 18
13 78
156 142
336 64
122 10
122 33
62 195
212 17
48 163
379 183
254 87
176 84
60 175
225 10
219 53
409 205
157 146
356 208
408 141
389 10
409 13
363 114
395 50
145 121
263 95
101 168
334 10
236 50
246 38
52 131
177 17
233 56
260 162
140 169
278 166
289 109
376 163
40 101
308 76
207 131
56 150
374 68
53 50
243 20
339 37
70 113
184 60
159 155
57 140
95 138
383 64
157 72
334 132
138 72
274 146
390 160
75 155
165 59
394 33
44 34
284 178
257 20
263 151
322 187
275 158
260 121
347 37
143 91
292 24
55 37
237 156
79 30
327 173
121 46
54 69
193 37
313 134
235 173
183 42
362 50
203 193
226 153
129 171
128 135
209 150
73 100
316 82
96 111
276 67
76 124
97 55
105 188
385 185
78 155
80 173
79 47
216 196
67 127
202 107
329 187
142 23
23 91
104 59
259 83
379 38
309 53
162 175
60 23
349 10
272 14
169 103
377 67
115 121
302 101
110 204
160 103
98 91
184 204
200 41
318 136
116 190
284 153
34 132
338 158
244 195
59 55
202 114
256 173
291 22
171 194
36 112
367 124
183 74
86 126
213 98
27 72
54 131
377 209
232 184
387 186
367 26
22 180
108 68
316 205
225 124
258 151
372 29
28 97
18 60
72 74
390 23
32 75
154 204
52 196
285 105
183 178
37 192
265 88
23 86
357 51
325 91
331 147
87 140
289 14
221 208
102 191
20 96
151 167
103 123
181 187
264 128
39 183
335 157
236 200
354 39
275 176
118 19
111 118
85 21
293 116
64 47
152 181
167 181
295 86
406 206
260 180
146 133
329 95
293 80
39 38
86 121
367 155
93 12
260 192
181 128
16 18
147 41
278 180
166 29
312 15
399 70
362 137
115 56
262 20
206 131
386 49
106 74
63 76
225 173
195 66
64 109
330 48
220 158
56 181
361 113
146 147
201 139
141 50
194 120
279 142
355 76
277 42
183 131
156 172
219 143
181 123
93 195
10 79
166 70
374 175
138 25
109 153
60 140
38 134
183 134
18 155
315 124
24 119
85 76
175 18
66 35
64 179
405 171
330 61
151 184
136 115
286 173
209 49
50 35
142 101
123 26
321 133
351 83
291 115
91 13
78 38
47 126
173 11
111 109
194 124
135 110
262 176
240 125
22 196
128 190
187 159
294 44
90 28
182 33
222 155
322 134
323 33
106 203
53 90
228 201
104 76
336 30
57 102
406 129
356 32
17 206
327 45
15 124
295 134
89 53
178 193
369 182
101 178
202 152
63 16
12 159
197 100
327 25
103 93
296 88
51 111
122 155
329 53
47 186
271 93
176 65
101 148
368 87
267 65
327 31
146 150
30 78
209 60
375 150
169 182
367 195
347 25
246 13
376 10
62 37
121 192
34 155
49 196
361 167
111 127
59 198
360 179
19 79
340 164
133 63
104 160
179 58
213 117
379 123
302 201
99 206
143 160
247 148
396 10
194 23
152 11
299 118
312 55
226 130
23 133
348 154
139 179
267 141
87 35
401 135
354 76
342 173
104 140
392 172
400 157
291 46
78 141
242 87
58 90
340 23
256 198
258 89
121 88
207 59
170 11
353 199
364 74
16 106
236 84
333 26
164 133
149 14
73 85
38 144
70 157
384 102
137 199
255 98
316 30
185 118
167 54
163 36
276 204
185 157
67 25
93 176
175 195
272 53
321 124
127 194
100 23
63 63
328 25
124 149
299 109
191 204
341 115
318 37
386 161
120 165
261 105
385 92
139 93
235 148
174 49
342 46
220 121
153 121
327 43
209 52
365 125
153 126
27 90
27 28
238 73
102 27
314 46
81 183
239 110
126 67
344 197
339 178
246 106
133 149
93 93
341 77
92 71
48 148
355 91
225 207
192 28
282 119
219 48
340 25
243 51
371 98
216 151
397 38
282 130
364 99
385 200
177 106
271 170
252 118
324 103
137 40
256 11
221 209
366 86
82 129
335 22
399 16
100 167
252 180
240 209
373 51
397 195
396 153
78 71
20 203
261 94
347 197
55 165
87 81
284 184
148 49
347 150
189 151
309 117
202 122
257 184
232 164
120 22
271 35
401 53
176 92
64 70
126 150
27 131
287 142
30 142
274 135
159 132
51 117
356 18
28 58
243 158
255 24
378 73
130 207
113 156
393 161
60 121
170 77
261 107
205 18
90 105
147 76
403 150
41 147
183 197
141 114
63 131
192 29
59 13
124 127
36 180
375 202
273 46
137 88
398 159
363 19
58 96
384 200
191 22
56 97
200 190
307 154
30 96
371 68
19 57
197 121
339 190
242 31
231 158
400 201
220 111
190 10
116 83
288 67
284 60
264 206
381 118
214 180
70 172
225 85
10 94
150 22
342 41
113 48
391 143
266 134
233 177
193 110
322 179
156 44
192 167
208 204
368 140
79 95
161 111
130 39
152 91
407 94
214 53
220 172
407 203
93 208
220 175
345 25
59 175
108 165
308 207
73 201
232 128
38 170
230 122
365 180
166 64
15 209
137 107
268 12
272 186
161 182
380 112
337 209
278 207
119 36
241 44
250 134
45 34
322 118
348 12
187 106
298 69
215 38
313 178
201 128
170 11
15 18
99 157
191 143
397 155
358 130
381 135
204 187
278 155
348 51
141 181
259 74
301 43
135 95
188 34
138 32
158 182
350 146
72 109
75 123
231 44
48 126
34 127
343 136
269 99
59 153
16 158
318 188
56 201
294 154
60 76
71 123
386 11
24 135
147 160
31 165
396 145
205 106
23 68
242 36
217 48
24 39
93 165
307 112
209 135
204 168
176 95
170 123
208 91
114 121
220 31
336 141
36 107
71 52
83 30
325 105
258 68
267 71
76 189
379 189
242 182
66 121
63 147
73 102
270 189
390 112
203 136
216 106
199 121
372 86
336 150
153 37
224 134
203 103
117 139
126 189
33 125
272 36
67 113
396 53
326 121
380 20
56 22
31 37
397 59
364 198
117 92
294 121
316 198
336 32
320 161
147 62
392 156
205 171
115 136
92 56
287 111
268 156
123 190
253 198
207 137
392 149
10 110
291 60
396 93
99 121
101 22
114 49
30 148
306 188
247 24
160 175
336 32
28 137
28 10
89 37
403 116
224 66
247 94
25 48
361 162
44 76
61 18
308 141
123 83
102 184
55 209
370 161
19 164
295 51
148 209
91 90
162 35
219 87
180 123
287 195
108 190
114 200
46 110
353 20
311 92
50 63
379 52
295 87
47 65
323 186
201 75
220 13
325 110
225 10
137 206
142 166
363 111
46 132
289 49
209 116
202 76
30 193
75 144
57 178
364 177
393 70
164 161
372 13
130 70
220 76
334 181
62 113
255 135
231 17
303 188
42 15
268 157
273 117
15 38
48 175
114 147
176 30
222 146
186 155
51 122
97 29
332 146
358 172
209 86
86 71
350 197
135 155
213 62
275 44
352 108
132 113
105 104
64 99
45 102
311 151
190 50
347 13
409 61
382 103
184 194
19 141
408 86
366 160
141 64
253 191
20 101
347 175
345 118
115 13
187 134
66 105
253 183
16 43
126 149
64 81
267 205
357 85
35 118
263 176
156 49
215 203
340 182
112 128
75 144
367 44
383 169
180 168
39 64
72 104
260 58
33 204
52 110
325 157
345 190
156 202
58 115
24 171
345 49
409 133
197 139
220 32
112 167
388 85
51 77
108 21
33 132
268 54
26 110
298 150
225 189
50 85
384 102
137 118
249 93
271 166
352 81
67 25
312 81
267 49
123 87
244 48
255 180
183 136
341 116
349 96
83 131
260 66
196 97
34 35
254 202
329 155
277 185
156 166
62 158
65 106
86 101
87 113
180 65
266 105
285 152
37 59
375 97
71 201
127 164
282 19
239 25
95 84
106 115
190 144
26 174
173 88
140 207
334 50
250 19
14 139
10 123
11 174
340 94
278 34
378 111
345 102
99 168
155 56
41 80
33 111
116 201
55 21
245 69
176 25
216 98
299 132
132 171
246 51
164 154
183 92
107 27
72 20
148 106
195 160
216 31
271 91
228 104
153 39
201 32
294 208
181 87
264 133
403 27
175 160
319 141
226 96
380 142
207 13
345 68
383 204
97 200
381 11
306 10
408 40
400 15
23 173
331 34
93 46
303 56
286 118
187 80
192 47
324 203
181 88
202 152
56 52
314 28
166 169
342 40
175 166
371 19
92 96
369 177
116 127
48 108
26 37
337 58
137 134
362 95
19 190
143 109
293 152
333 137
48 131
312 144
116 18
104 18
253 91
143 22
226 47
318 142
332 68
185 20
324 200
392 20
32 135
176 60
16 103
17 58
211 66
272 69
95 115
328 206
81 109
285 32
370 72
258 62
331 69
363 76
26 108
101 121
293 107
325 180
318 130
94 100
360 182
199 52
89 131
364 47
177 101
243 200
58 80
146 85
208 62
320 196
386 73
281 23
297 194
262 77
265 74
156 121
295 86
211 95
282 56
170 51
196 124
281 44
178 208
392 170
338 176
350 180
325 96
220 157
197 187
107 151
169 60
99 16
199 60
382 93
393 35
268 12
355 170
280 182
195 176
106 189
90 139
367 50
203 33
374 171
401 112
332 99
310 171
379 66
321 150
62 70
255 68
376 130
357 134
198 158
277 191
162 127
384 54
297 32
251 92
63 121
244 135
290 112
278 142
156 126
28 77
157 147
403 171
152 115
99 50
380 74
399 15
135 111
203 59
86 174
13 169
239 176
183 121
147 142
404 156
286 196
145 161
81 67
318 151
179 161
133 84
19 133
282 126
96 181
83 24
93 186
202 143
223 183
33 174
88 70
358 190
58 188
23 162
372 174
215 130
241 203
402 109
257 92
13 125
151 154
321 94
389 174
42 16
261 167
299 133
314 71
53 204
326 159
103 207
109 36
23 154
121 122
274 133
384 145
161 100
339 92
237 149
168 105
196 42
106 62
44 143
304 113
408 110
75 44
217 161
292 54
342 152
69 109
174 68
38 138
29 123
60 38
206 173
269 76
65 94
39 118
189 149
257 197
279 108
162 123
52 193
33 52
43 76
300 68
318 26
77 154
266 185
250 109
29 181
12 174
297 99
274 127
278 101
119 114
172 117
33 21
320 205
364 116
143 61
262 79
345 126
172 62
192 136
277 35
130 167
301 119
306 139
325 159
110 15
185 152
189 10
210 73
327 205
61 64
329 165
331 71
184 89
139 136
166 206
341 159
292 121
56 191
87 12
103 96
46 117
398 128
114 179
140 159
30 171
252 71
98 130
356 147
323 171
17 135
325 180
274 202
219 204
213 63
238 71
351 34
301 30
320 185
36 136
70 208
384 181
81 177
385 21
343 124
273 132
88 52
244 97
308 58
177 16
188 38
400 124
183 75
148 49
294 27
250 81
282 187
227 188
372 15
335 118
205 161
202 204
87 206
140 183
372 73
315 156
182 181
52 27
38 69
218 207
408 190
94 197
223 112
159 176
365 112
163 125
14 98
103 50
262 45
68 148
328 167
115 66
409 51
83 196
324 79
200 104
270 67
309 189
237 143
237 169
53 93
199 97
115 151
160 144
45 177
229 25
138 106
177 184
334 32
356 94
249 178
69 11
337 49
217 50
268 185
341 127
338 140
336 11
210 17
12 20
149 107
391 166
128 132
61 23
238 108
304 106
253 181
330 138
279 121
306 89
292 21
142 177
110 167
184 59
341 135
292 191
36 34
401 139
324 37
14 63
47 56
206 72
72 152
143 59
249 161
344 205
253 12
369 121
303 14
55 193
210 121
320 200
51 183
379 104
252 51
44 120
107 179
279 16
210 131
123 55
351 43
337 149
223 165
405 157
239 15
404 45
355 208
406 33
154 144
351 204
402 88
16 49
312 77
179 18
371 71
279 78
370 39
232 56
210 160
227 94
52 68
24 71
143 66
225 104
322 31
50 169
397 204
50 139
272 110
105 205
323 99
42 48
104 107
115 151
286 29
370 171
24 133
219 78
78 186
199 70
113 92
319 149
324 165
25 150
10 103
98 98
299 159
269 53
139 145
251 10
156 13
123 102
322 160
196 59
23 61
81 155
401 29
140 81
305 117
46 114
366 104
133 33
33 204
103 20
337 137
39 65
322 127
134 133
394 31
107 30
180 69
246 55
409 12
33 188
59 19
168 95
195 159
235 34
190 65
49 78
148 129
223 196
154 203
10 49
104 57
41 191
12 161
159 34
240 137
231 112
138 40
80 29
339 142
395 45
267 151
403 195
235 67
221 106
186 114
143 138
164 175
230 62
151 138
275 91
352 58
70 51
326 59
253 155
149 20
350 162
126 180
180 171
173 55
55 20
220 115
191 56
102 48
313 82
125 207
75 131
112 129
261 118
407 68
120 82
129 90
108 136
65 154
156 13
260 123
325 178
54 134
128 131
230 172
267 12
263 24
30 162
72 29
220 185
230 35
137 122
31 142
316 168
11 48
165 195
71 201
368 76
354 116
122 26
140 35
147 164
91 21
133 160
367 135
245 204
41 113
151 91
88 131
134 50
356 119
228 163
366 176
31 130
215 180
166 142
208 54
346 170
370 143
72 37
47 46
229 86
121 189
331 140
50 102
292 190
259 166
228 198
17 33
236 107
269 190
107 47
58 140
232 86
356 77
286 144
80 162
119 25
382 71
204 23
182 65
59 115
146 133
235 52
184 82
172 64
44 58
354 149
163 165
212 79
10 191
143 35
376 107
257 203
337 208
291 98
333 155
150 179
40 109
209 45
203 166
377 74
331 137
35 24
177 98
102 79
218 198
69 164
400 170
299 53
360 191
231 94
365 140
315 12
29 28
239 168
130 114
59 30
228 162
37 183
206 34
360 196
238 153
374 92
32 166
110 31
397 28
193 139
224 77
82 71
137 205
333 183
102 128
234 15
159 142
241 43
336 197
79 127
156 192
266 178
400 104
290 176
86 168
233 137
236 189
84 132
148 61
290 120
205 95
124 164
178 68
46 188
337 140
134 159
126 60
106 24
249 22
350 50
269 138
230 55
315 92
329 154
151 166
103 44
240 167
60 60
246 172
181 42
359 174
66 62
267 148
13 196
369 122
107 99
153 114
224 134
83 163
264 187
328 31
19 26
24 161
80 48
115 166
93 61
204 43
30 194
363 192
332 135
370 164
352 124
242 177
177 87
350 41
313 165
64 184
111 108
91 116
161 184
210 75
159 108
119 116
384 132
229 73
31 113
274 202
118 45
240 126
206 55
307 94
374 73
344 26
274 64
355 136
390 84
281 66
275 81
336 24
160 140
51 181
333 10
91 22
276 134
250 33
290 25
58 82
213 55
246 172
229 207
247 54
359 180
49 187
96 146
303 159
167 170
108 23
287 74
371 104
275 118
74 82
163 148
59 30
142 135
387 14
320 153
46 93
302 23
99 127
303 176
315 209
285 190
248 44
300 152
356 118
267 143
280 74
281 79
46 121
314 128
280 89
314 22
82 77
192 22
245 157
263 43
318 191
169 191
15 38
301 101
165 202
179 207
234 16
93 179
107 172
320 100
204 148
171 102
298 55
280 33
241 125
273 58
240 112
116 182
58 44
345 145
398 51
148 63
201 93
407 208
42 86
362 105
134 15
173 152
254 201
252 104
366 88
148 103
55 181
230 28
15 142
409 76
407 58
149 182
13 103
350 198
403 135
109 80
16 163
293 134
326 158
404 99
100 117
265 192
188 29
117 142
167 29
261 126
392 142
31 126
366 57
42 53
190 15
243 152
225 143
62 110
138 123
73 169
122 28
55 14
183 184
364 95
186 176
228 158
201 15
217 69
357 208
197 140
84 87
20 35
369 147
334 184
130 26
371 187
314 13
343 89
161 102
97 110
49 168
127 77
34 21
140 45
312 190
212 36
283 134
135 159
120 15
253 94
358 90
281 10
283 145
273 144
128 136
13 194
194 163
29 124
203 65
304 36
225 178
18 53
332 108
389 46
286 100
356 47
94 132
228 115
341 71
284 45
237 29
119 108
359 203
135 104
204 178
188 82
390 28
261 103
64 50
294 30
171 129
171 186
290 198
11 201
96 56
305 118
161 157
327 204
182 208
196 132
381 153
376 73
97 141
149 138
285 199
65 104
311 143
345 192
251 130
39 19
388 203
119 204
83 121
295 146
201 72
29 23
263 12
30 119
136 27
379 77
93 155
94 147
10 61
54 17
159 64
256 104
26 128
71 39
138 152
13 157
183 69
234 96
192 37
51 118
133 177
239 178
327 111
247 57
268 179
396 45
215 62
285 81
280 63
360 31
176 106
385 47
264 86
370 104
258 108
146 52
239 124
40 167
115 122
193 16
22 137
193 67
204 150
118 126
87 113
211 59
332 40
220 206
307 20
157 207
403 95
96 26
78 182
287 173
392 140
214 97
302 192
125 77
389 48
261 103
288 29
304 36
118 64
102 83
50 78
37 165
317 200
360 95
234 142
171 163
320 110
398 156
141 71
361 169
185 170
255 28
281 75
278 82
197 157
54 45
188 116
239 209
71 87
32 69
59 205
245 139
34 70
337 105
204 118
396 176
354 126
383 36
204 92
30 117
19 156
340 46
217 30
22 109
152 42
16 178
105 18
181 107
22 159
134 71
386 54
48 202
343 155
170 184
287 167
111 165
375 159
234 93
369 165
63 199
298 187
258 103
188 205
178 44
20 102
229 39
182 78
90 118
143 154
347 80
300 196
66 154
345 93
13 145
237 40
101 120
260 33
107 180
156 38
260 126
212 93
39 146
322 198
292 166
100 186
120 188
106 156
62 11
322 15
264 147
115 56
398 16
238 157
358 33
225 198
404 169
334 51
356 13
397 39
374 24
173 203
233 188
368 166
92 105
280 139
113 67
396 124
338 135
384 126
376 133
308 76
250 93
235 88
275 51
334 32
151 141
402 126
375 15
184 90
371 140
308 11
96 56
272 164
331 156
162 172
268 146
283 144
157 17
113 149
301 155
223 89
128 101
43 97
106 126
281 209
204 20
382 71
254 188
200 144
142 136
188 55
248 150
127 19
278 166
249 169
345 172
23 98
265 160
305 23
393 194
155 73
191 89
191 85
35 21
170 177
229 163
390 160
372 114
121 92
220 68
108 13
96 207
254 196
217 205
138 173
13 112
230 85
83 26
205 151
262 132
304 86
40 29
216 38
233 94
303 171
184 155
400 175
378 180
172 158
56 133
15 141
45 163
66 186
161 81
210 125
400 121
289 103
47 30
27 98
271 193
251 105
194 59
255 209
158 67
297 113
288 208
88 54
82 82
87 202
224 204
308 125
184 140
212 45
177 198
165 178
125 77
372 21
129 83
80 130
276 196
350 123
166 30
126 128
388 52
317 132
233 83
253 33
295 124
291 166
150 68
191 144
316 56
369 127
94 69
170 19
117 46
81 175
341 135
311 12
298 50
45 120
372 80
276 89
148 35
213 37
311 177
146 92
67 131
316 40
352 127
199 179
201 19
107 122
82 163
45 113
156 68
157 159
248 154
161 195
72 79
258 71
28 69
388 108
43 190
284 23
288 34
158 10
391 137
245 102
56 89
374 103
20 154
374 48
157 168
171 185
299 89
177 94
156 120
223 114
283 137
41 116
245 109
151 209
24 105
309 162
13 162
396 79
343 172
49 67
124 27
188 50
36 17
252 209
80 145
106 86
268 99
91 71
392 170
234 31
179 18
149 62
297 62
358 200
64 209
100 177
93 99
107 79
364 30
394 65
271 162
172 30
118 158
266 153
352 207
79 196
305 190
43 107
245 77
155 154
52 138
345 177
167 192
208 119
106 186
20 21
226 89
79 116
128 208
302 201
374 78
270 48
330 19
337 144
249 127
165 157
126 183
231 115
307 49
83 114
23 195
304 181
32 87
58 175
131 138
127 72
98 44
175 164
117 26
173 133
188 171
379 154
372 160
373 120
264 152
77 168
218 154
391 161
402 12
197 96
38 19
310 29
251 172
314 111
75 83
265 146
39 138
309 49
254 197
221 191
79 115
180 18
236 111
257 90
336 63
392 134
98 77
345 80
90 29
151 122
51 150
220 168
65 92
11 208
341 13
86 112
320 195
33 55
260 202
279 71
193 74
395 33
334 22
161 113
22 54
270 19
166 107
78 159
19 169
325 129
145 113
312 44
274 144
60 103
315 82
95 24
158 179
70 73
179 120
87 129
120 121
168 124
347 49
215 157
181 73
139 99
249 58
379 89
221 57
334 115
201 128
146 142
302 51
129 55
169 89
81 103
39 140
91 21
299 65
335 148
318 43
261 70
214 53
295 66
234 64
173 34
357 100
105 64
58 34
69 146
183 65
73 91
396 159
401 116
397 59
110 27
358 193
76 155
335 101
36 68
241 195
51 68
296 182
75 78
281 72
168 139
373 74
117 126
367 164
176 83
58 23
76 67
118 201
118 129
221 185
42 33
393 187
150 186
105 174
191 177
148 148
387 120
237 58
239 55
279 106
210 154
42 133
305 154
406 84
108 193
120 72
353 48
299 144
240 51
113 164
159 104
98 80
367 75
36 83
62 198
156 208
46 23
244 188
229 18
285 129
279 209
151 155
178 105
127 42
104 55
87 191
210 43
156 122
34 148
149 131
106 123
375 31
139 12
305 173
385 35
212 194
45 107
242 178
83 13
300 192
374 119
372 120
80 27
74 67
262 209
389 171
58 111
208 39
99 104
136 192
203 155
99 37
376 103
131 37
141 123
266 76
97 122
384 95
32 62
291 43
273 28
47 194
408 154
78 64
381 180
226 101
317 12
17 188
15 179
159 180
121 131
98 44
307 40
178 84
332 103
176 145
141 100
217 10
171 50
138 41
257 79
102 44
189 14
358 13
25 113
177 110
157 14
124 185
115 145
355 175
11 147
248 111
385 82
139 113
299 81
396 43
215 201
365 85
85 47
75 112
288 208
206 84
51 187
31 186
249 70
250 39
166 172
356 75
340 125
223 120
177 174
315 47
55 10
191 207
331 145
344 95
395 97
17 78
33 50
196 145
253 206
112 37
323 97
204 78
128 109
186 135
83 129
319 195
297 131
195 179
57 52
196 200
290 139
176 20
337 12
386 124
119 10
124 81
75 90
119 32
348 43
22 110
202 163
322 71
309 83
401 57
54 86
56 141
333 158
99 158
26 160
194 189
192 33
183 107
150 128
253 48
384 30
331 188
78 67
57 61
308 147
307 185
282 185
235 164
164 170
371 27
228 126
268 10
126 83
89 163
173 66
215 144
100 198
385 99
392 82
190 51
156 130
382 90
332 156
406 22
239 88
88 116
407 119
215 27
362 168
249 24
134 105
205 38
80 75
399 121
286 118
169 67
70 104
141 190
262 192
65 202
166 183
249 34
123 194
331 82
189 57
79 148
90 155
246 155
252 150
61 159
73 41
306 35
347 165
134 51
127 124
163 130
97 24
63 106
136 183
305 190
45 77
68 13
130 74
155 119
97 134
100 197
162 187
64 52
65 10
321 130
15 200
308 164
104 74
113 15
70 198
113 62
116 52
48 52
373 198
99 58
341 139
220 178
160 138
267 21
18 158
71 35
47 108
237 169
340 157
88 128
285 96
226 187
72 103
154 80
74 37
311 139
161 206
28 96
106 192
364 144
116 25
224 125
341 153
406 113
171 57
220 164
69 76
269 53
163 141
267 139
251 17
143 132
286 30
77 29
10 20
59 27
385 187
227 18
282 46
230 164
150 23
212 164
278 18
26 51
124 142
203 51
223 73
338 171
354 76
358 114
407 175
47 15
368 53
136 80
390 180
214 129
142 30
408 56
201 43
336 143
202 43
289 161
206 86
296 201
391 30
368 135
137 184
81 20
153 23
217 64
178 89
222 186
362 14
130 152
356 22
231 159
231 106
357 165
48 15
43 198
35 78
82 132
200 55
104 26
147 23
235 178
196 55
372 13
305 40
167 84
97 68
168 68
90 126
48 15
364 196
160 177
144 131
245 64
300 173
317 16
104 79
73 182
326 206
211 59
189 67
322 139
374 203
91 174
75 156
346 79
237 77
322 156
53 198
145 13
237 136
311 184
63 174
345 123
78 44
337 44
373 183
200 190
173 197
103 117
98 46
202 116
376 51
22 53
282 46
109 209
179 19
367 184
176 21
211 203
134 51
311 55
32 204
52 29
108 33
165 209
119 139
281 136
294 125
151 29
134 171
306 205
22 75
93 113
212 162
272 204
36 155
348 86
232 75
332 168
29 136
28 161
82 140
318 65
335 12
251 108
259 166
311 104
366 34
248 203
353 200
232 135
162 58
89 31
244 67
168 39
247 41
101 158
380 15
290 55
75 206
90 153
24 182
341 36
308 207
57 189
400 164
274 188
87 114
229 155
60 13
65 193
178 164
216 120
251 126
317 108
323 182
30 166
45 67
19 175
174 82
327 209
169 48
151 74
187 82
57 26
120 176
367 135
165 66
396 135
152 97
54 15
285 121
252 49
186 197
42 155
261 156
363 37
357 203
158 194
166 35
284 148
81 44
57 58
154 18
153 131
156 111
133 47
34 153
30 139
328 77
50 158
130 108
188 18
10 13
32 133
32 124
215 96
13 169
296 71
152 36
361 203
285 48
132 69
11 117
396 116
365 170
354 56
139 58
19 32
226 87
149 129
289 77
274 47
69 64
147 105
72 80
177 48
341 12
24 129
319 197
238 188
210 204
306 75
346 143
296 62
211 64
260 39
241 102
244 82
353 104
51 79
384 191
92 138
42 43
268 195
293 57
267 106
223 68
267 189
342 170
50 198
231 208
21 174
56 152
134 183
250 89
256 128
329 152
143 177
358 134
358 154
103 138
219 56
381 177
405 64
182 131
169 94
324 48
65 136
239 154
175 70
326 52
81 109
379 92
101 173
272 181
94 48
252 192
23 124
306 75
328 50
388 195
199 111
84 39
64 171
188 52
24 169
31 16
254 134
174 49
388 38
15 198
253 203
236 49
263 103
376 171
282 116
183 104
241 145
318 165
265 152
136 199
24 70
363 101
81 99
283 145
20 19
237 171
218 68
191 119
178 120
310 96
358 117
183 53
290 196
314 138
53 135
316 58
248 70
404 92
367 52
408 108
366 133
401 107
47 74
381 121
369 73
115 146
354 199
76 175
96 199
176 199
92 200
190 205
256 169
49 60
99 64
351 144
26 36
19 111
337 79
334 88
123 96
313 178
70 56
46 184
99 60
360 147
213 106
24 161
231 103
409 13
98 56
310 175
383 152
155 14
394 186
282 195
57 127
271 79
156 105
341 39
132 89
202 15
360 38
144 125
150 176
214 16
199 204
55 65
150 40
17 144
130 90
185 162
338 204
77 25
57 146
377 109
283 63
286 90
382 101
48 41
244 163
239 196
72 172
249 188
358 198
333 189
97 136
403 157
95 39
330 129
71 171
370 208
367 198
12 28
303 149
159 30
106 177
76 41
61 40
388 98
136 192
312 134
190 156
64 125
216 146
80 189
62 51
265 98
152 45
332 141
354 158
37 91
79 66
101 135
223 143
335 162
132 191
408 154
209 205
393 185
372 108
294 72
70 84
308 115
368 126
311 206
304 58
73 136
204 14
402 23
150 170
20 21
49 203
198 58
163 53
212 105
332 108
21 103
310 84
45 41
332 199
195 158
400 63
325 22
408 109
219 112
409 162
138 98
87 203
203 44
268 26
347 166
87 139
387 36
102 52
218 70
119 57
282 197
395 142
48 147
76 143
408 171
177 180
313 57
368 105
93 10
211 37
116 55
350 25
41 86
143 76
37 74
263 132
82 116
280 119
130 194
320 75
370 126
69 171
137 178
33 155
22 148
225 182
377 108
360 62
111 197
169 195
276 203
20 23
293 202
192 66
260 16
139 202
159 204
142 70
370 150
21 74
92 72
45 149
48 70
78 49
206 106
123 139
209 19
103 36
121 71
235 79
188 119
390 92
344 122
292 196
333 140
322 150
89 200
384 105
147 100
359 187
252 148
222 186
243 162
120 209
296 36
160 205
99 46
56 49
374 162
190 158
16 125
320 175
211 171
193 12
361 134
12 149
259 115
57 137
49 182
30 119
57 200
88 46
145 157
74 144
15 99
148 148
340 63
24 76
276 122
265 44
106 117
405 141
249 32
229 112
197 41
354 46
227 99
282 56
143 21
307 155
317 101
320 78
258 156
97 87
115 52
368 34
62 175
361 75
296 82
41 151
358 82
267 174
80 126
79 140
307 53
76 128
375 169
295 84
256 52
229 38
408 185
141 198
13 15
65 201
22 209
174 45
268 122
338 87
71 71
190 161
151 45
93 144
404 61
276 149
120 37
297 170
283 10
296 39
239 146
20 165
397 190
316 44
191 192
191 208
336 89
400 97
321 134
189 91
366 132
236 114
64 153
39 122
20 173
27 15
284 66
59 192
308 56
26 42
263 100
41 162
163 57
301 50
331 103
292 56
204 163
58 203
274 144
215 72
347 157
60 68
28 110
334 171
323 207
241 96
317 198
392 13
152 49
92 37
156 112
252 65
278 132
196 64
197 136
177 66
104 127
163 127
215 94
356 195
194 100
136 173
247 87
309 57
88 168
214 66
107 66
138 180
164 46
178 161
112 67
331 154
19 21
249 144
53 115
293 27
121 85
360 203
286 174
312 29
169 78
146 97
162 180
153 98
286 170
77 77
333 184
80 190
133 198
101 151
319 108
106 33
384 181
104 160
362 147
312 203
180 172
376 74
360 118
47 155
252 199
269 53
307 16
310 30
100 82
144 107
251 26
379 119
383 161
33 46
404 39
110 185
49 169
402 196
373 16
100 86
182 157
137 146
42 98
102 100
361 90
178 85
259 163
15 187
398 195
283 43
370 193
65 152
25 86
390 48
177 27
81 37
116 28
74 33
282 182
327 94
269 69
242 181
45 25
15 14
325 50
301 55
222 65
362 152
402 129
316 70
308 14
350 14
206 125
247 13
203 60
113 14
262 123
281 11
115 132
66 79
108 118
239 108
351 56
305 169
326 140
301 118
70 50
322 66
125 23
361 69
245 141
14 194
158 125
318 143
171 10
81 200
108 56
58 144
44 141
125 90
156 182
33 40
399 86
374 177
119 122
296 104
16 40
404 139
92 202
314 129
351 37
164 191
267 111
326 29
95 112
279 204
299 152
111 163
264 186
369 99
325 87
107 143
21 86
251 24
279 146
68 112
54 164
338 77
211 27
314 177
223 138
310 39
317 137
240 40
231 190
396 56
160 77
122 162
362 53
44 27
89 46
261 53
280 88
323 114
378 181
175 93
116 162
387 91
281 89
267 175
133 187
302 175
287 12
110 57
312 159
399 130
233 13
373 200
61 152
129 198
394 36
397 32
326 208
405 160
215 185
313 192
171 40
224 17
153 173
15 12
408 100
187 150
143 191
27 17
397 140
17 193
330 56
107 172
141 180
181 14
223 32
337 35
239 125
122 182
56 135
52 162
80 50
136 175
99 84
224 128
384 52
14 98
305 98
145 207
209 159
122 92
393 166
76 32
203 163
147 174
275 138
246 164
234 131
304 61
61 125
267 36
350 33
30 186
25 113
88 122
314 168
93 171
61 147
370 102
357 17
307 129
401 79
29 26
365 39
296 104
373 41
101 102
191 34
137 97
73 181
88 149
272 144
118 195
211 104
202 46
295 167
36 190
380 21
272 12
272 180
283 199
163 153
181 174
235 24
296 39
185 79
104 80
331 101
108 180
211 52
396 88
312 134
123 70
171 116
87 34
221 12
255 147
271 43
100 116
106 177
258 28
209 205
369 123
403 201
168 78
245 208
49 204
32 116
83 49
214 84
395 163
139 198
28 84
258 26
58 48
133 120
369 79
345 193
123 37
369 12
225 208
178 178
33 89
279 60
354 111
133 102
324 152
290 83
75 82
226 139
398 209
402 114
90 146
41 203
13 39
171 85
32 195
256 68
260 193
244 187
128 80
401 177
41 178
266 186
228 53
232 16
200 57
139 209
184 115
361 154
127 129
155 180
28 103
344 142
80 82
17 99
294 11
304 110
355 198
395 75
206 140
349 120
289 38
198 60
160 83
17 62
362 195
295 201
350 92
387 126
256 13
54 107
60 98
379 163
313 31
301 126
386 192
327 75
129 49
333 67
93 41
170 135
86 13
201 133
318 66
279 142
154 162
105 36
393 107
314 194
308 108
376 164
39 97
304 34
287 209
198 110
277 159
330 14
10 206
279 102
115 160
398 174
246 88
291 20
117 135
310 123
268 116
244 20
358 175
399 76
212 24
379 182
64 35
58 130
351 191
235 183
277 48
335 196
318 73
364 173
250 21
181 28
232 64
25 175
390 186
75 41
88 116
227 51
167 110
195 179
300 168
108 61
301 72
65 18
87 19
108 87
126 71
65 119
176 176
176 51
112 121
350 169
338 30
358 163
386 56
363 50
90 89
402 130
339 81
46 103
188 111
140 65
345 195
240 100
189 68
15 50
188 150
191 189
266 30
188 112
344 121
204 126
192 162
85 165
303 154
317 116
354 125
274 187
324 139
204 201
295 204
96 20
273 135
342 60
409 100
365 65
226 17
173 119
87 10
61 151
55 181
166 112
132 53
24 45
342 84
204 16
261 71
169 183
311 85
299 71
119 176
401 207
167 127
405 70
295 115
130 119
358 48
129 43
72 110
36 112
168 17
135 65
128 174
52 109
376 104
342 69
347 81
112 128
368 108
222 82
343 43
124 77
258 148
294 21
198 162
192 35
226 161
375 98
144 73
327 14
57 103
31 166
190 161
274 103
180 48
159 83
368 11
211 145
195 145
29 55
311 127
99 174
331 139
83 125
332 80
76 88
309 132
142 98
119 142
31 177
316 75
368 97
345 58
287 20
99 135
350 48
19 14
68 33
92 49
35 185
252 195
314 69
338 69
267 202
143 208
159 80
144 85
313 13
155 178
249 13
87 54
226 97
33 47
77 133
204 153
255 79
377 65
185 172
376 171
15 37
14 129
235 51
23 77
178 110
157 113
327 76
41 205
303 192
10 137
197 97
388 188
383 134
283 100
369 190
48 94
240 60
123 160
329 138
170 189
195 165
248 129
146 178
129 197
46 56
277 86
372 134
92 89
43 174
121 122
10 162
34 29
215 53
334 108
19 206
256 59
308 113
99 112
403 126
407 142
136 70
203 44
338 27
315 66
203 15
284 76
284 104
69 106
29 98
289 38
207 158
50 63
349 154
392 62
256 144
226 120
67 76
100 84
167 72
185 61
88 106
235 57
399 176
50 91
184 35
233 62
231 82
103 147
295 48
140 141
163 33
26 115
185 145
183 30
331 141
352 123
296 86
383 187
363 51
96 185
66 198
321 84
161 139
328 94
40 116
409 91
147 168
104 46
16 45
76 193
230 155
389 68
180 123
208 200
216 80
248 28
242 85
14 23
167 136
396 119
26 109
263 10
200 141
84 139
370 136
380 71
337 177
131 16
309 50
197 121
398 24
241 28
63 55
315 89
16 161
301 47
211 203
45 112
73 153
373 184
70 107
31 182
114 48
95 190
97 58
278 126
214 58
132 128
163 125
398 40
308 142
192 102
237 39
404 70
256 115
212 46
324 142
44 63
130 86
132 184
210 99
220 111
198 166
201 177
21 46
47 93
75 24
143 44
126 16
228 171
36 19
24 156
388 119
204 138
250 125
344 60
63 22
367 60
87 44
55 128
269 58
119 112
349 191
322 105
16 198
212 161
29 33
362 20
365 144
375 151
304 173
323 83
15 170
102 140
50 101
23 67
19 34
46 152
194 209
384 52
330 74
396 166
355 206
65 140
345 120
387 197
222 116
222 157
316 47
282 144
286 56
256 82
399 36
267 87
370 88
242 190
67 163
389 171
62 193
134 61
32 144
187 29
234 20
49 153
157 86
339 144
162 205
267 71
153 163
359 75
309 115
400 191
149 177
279 144
166 35
257 127
40 38
21 48
366 197
371 81
250 13
344 172
376 124
223 128
409 132
10 165
35 122
385 199
311 92
121 141
84 75
345 186
138 157
314 76
113 133
77 83
219 87
209 108
359 70
181 54
407 129
346 53
276 22
317 62
33 77
52 202
158 209
71 158
78 178
129 89
299 62
214 144
72 153
23 119
38 171
324 153
139 65
402 26
225 102
237 27
251 163
176 22
237 173
162 162
188 47
371 185
116 63
87 80
233 125
146 63
79 105
293 97
78 44
152 158
368 131
281 15
109 111
307 18
298 152
35 191
221 99
151 10
388 57
392 147
342 178
345 146
73 26
384 62
278 171
245 39
267 51
136 50
207 104
136 22
283 169
401 205
135 166
390 101
403 179
112 200
151 177
229 97
380 69
284 127
45 37
272 182
72 88
51 156
90 94
389 90
138 32
357 36
212 209
247 115
249 141
359 168
164 152
13 27
160 43
306 142
265 170
162 51
209 41
97 197
84 89
371 30
301 158
263 116
378 147
355 121
382 167
198 115
70 129
154 74
238 170
217 57
308 187
18 198
60 159
171 37
102 162
57 33
382 106
30 116
211 164
290 186
218 26
389 41
35 92
116 156
268 52
10 129
356 167
153 94
147 65
393 43
137 112
32 180
20 52
130 110
70 37
299 188
245 197
11 82
308 55
370 114
339 201
268 149
179 54
350 197
221 159
338 56
227 99
319 207
151 12
93 40
362 173
71 97
312 104
305 46
258 92
60 76
75 40
200 79
24 49
138 17
130 26
206 148
366 148
319 66
46 115
404 187
345 204
301 31
169 20
367 140
132 43
139 186
93 105
38 149
91 151
117 19
90 121
359 167
192 42
135 197
211 136
274 167
58 26
230 199
97 24
316 13
193 202
167 12
15 140
333 160
324 152
358 187
285 116
242 24
195 93
384 191
45 28
269 131
389 64
297 160
313 141
128 145
323 131
375 105
123 138
102 152
123 140
309 56
259 91
362 73
78 142
50 162
84 86
13 136
210 133
191 196
359 209
340 24
49 117
308 138
135 34
312 197
264 164
28 84
292 175
117 32
393 156
228 76
161 118
155 143
105 82
336 137
85 110
144 138
114 177
278 39
269 44
124 38
307 199
208 13
296 103
59 158
43 31
255 118
74 12
303 110
242 118
163 72
298 171
155 78
48 54
340 184
404 24
57 125
196 54
220 108
183 92
101 147
14 127
170 159
120 33
16 69
341 209
80 41
77 97
14 173
290 52
390 173
387 47
184 104
323 192
374 17
394 36
43 159
137 197
126 161
163 156
118 158
234 19
337 100
264 39
48 55
400 140
133 157
100 129
272 64
296 109
54 108
103 41
212 129
228 88
178 98
100 70
251 47
170 109
283 65
34 189
250 92
50 12
345 42
286 92
378 61
204 61
53 172
119 91
24 26
119 41
223 204
257 205
85 10
379 198
185 199
259 156
228 20
96 159
345 18
57 178
382 87
53 33
235 82
115 81
321 90
91 95
268 29
196 139
44 125
375 166
209 55
179 154
85 182
211 162
190 62
221 202
19 37
397 104
239 71
129 82
164 129
38 114
291 77
307 96
377 104
52 126
299 137
266 82
181 188
145 71
79 173
322 93
386 112
138 114
346 48
267 81
12 191
337 58
409 174
152 106
259 101
124 13
272 205
256 145
333 84
403 93
53 169
368 153
402 112
198 32
243 152
296 107
207 187
52 184
152 62
217 83
355 35
181 195
120 203
253 97
149 55
370 28
392 184
64 105
76 45
375 153
227 70
287 34
53 39
56 139
152 207
96 82
17 129
201 33
106 194
58 65
260 21
212 141
351 11
248 106
407 183
55 205
129 41
106 182
311 201
275 35
352 55
308 40
292 176
143 14
238 163
237 25
323 37
179 191
322 26
193 198
220 173
269 172
262 194
256 13
333 98
351 145
233 47
173 132
149 72
110 90
94 183
191 98
281 64
69 130
10 93
404 132
163 129
33 71
74 145
233 137
190 58
371 36
251 102
179 118
315 185
96 174
96 107
185 147
239 199
164 175
159 60
279 172
307 201
43 110
356 158
237 41
51 176
374 204
301 166
78 167
239 82
236 136
268 82
49 148
93 72
327 133
248 30
356 127
117 110
179 191
173 121
164 22
403 190
50 106
23 101
86 125
265 37
186 115
315 203
49 190
58 187
133 76
206 60
401 180
176 48
337 116
396 73
310 190
327 202
366 61
258 188
387 51
288 192
114 36
244 21
144 136
111 82
248 204
329 190
248 131
397 174
125 76
170 175
171 68
326 85
274 13
262 163
29 14
332 124
172 61
305 137
261 130
51 67
311 110
288 52
159 21
179 185
271 95
350 139
139 53
297 151
309 138
90 50
28 96
278 16
161 173
87 143
330 61
367 152
250 50
395 126
368 136
315 50
383 190
129 133
175 91
56 111
289 173
311 89
297 56
262 54
231 20
256 47
374 128
106 87
73 174
307 179
402 111
188 135
53 136
106 173
269 69
346 151
45 149
196 207
314 198
243 124
279 11
148 144
385 11
141 121
268 60
48 37
157 119
304 49
154 110
258 34
46 187
168 21
226 91
362 21
24 139
310 20
122 17
74 52
387 62
399 109
75 147
121 202
361 18
124 167
340 142
401 174
331 126
345 178
326 86
129 131
172 206
134 100
22 102
123 169
36 154
265 45
382 171
167 139
206 39
138 35
316 130
190 103
42 141
390 182
226 182
160 193
364 135
252 61
356 27
287 120
252 94
51 151
94 61
401 95
84 127
258 35
203 66
322 54
37 32
310 161
254 123
224 79
178 47
352 206
189 79
365 113
323 43
356 196
161 208
48 136
387 136
219 152
168 132
100 146
67 16
66 114
355 182
296 116
53 133
281 105
328 74
365 107
369 168
37 76
352 197
204 84
371 69
46 10
330 10
237 149
251 12
178 43
87 190
129 153
28 201
112 196
332 157
137 152
206 149
77 31
20 42
172 44
125 203
323 64
91 76
117 21
375 60
189 18
324 43
114 22
177 36
172 56
211 199
102 14
355 42
213 132
227 185
232 112
103 164
289 12
130 96
67 140
254 104
267 16
224 62
148 43
235 164
214 101
388 168
222 182
262 88
308 157
391 162
169 200
26 151
112 84
215 72
287 136
104 105
37 181
229 166
238 56
338 164
149 11
135 193
169 128
144 198
83 184
342 139
343 140
47 44
377 113
257 195
82 25
141 198
115 192
89 99
265 20
190 185
210 105
308 129
287 148
282 164
250 62
26 174
121 51
348 68
100 139
154 186
404 113
277 200
204 203
246 102
381 17
23 157
388 41
243 96
327 153
122 59
240 111
138 122
376 174
283 94
248 34
217 92
236 54
392 70
105 132
19 77
81 109
373 23
132 209
60 38
313 145
42 98
382 186
190 200
124 133
99 66
350 110
407 193
179 194
30 144
402 204
408 187
334 49
368 104
314 138
327 100
46 74
321 105
123 113
206 151
220 208
43 113
221 46
266 25
32 59
303 206
174 11
333 189
315 44
177 94
397 28
28 81
334 149
135 89
304 186
98 79
224 31
365 170
206 91
187 157
108 201
388 17
389 184
58 205
273 152
94 139
102 46
131 14
288 162
259 65
20 70
322 120
177 153
144 85
137 101
210 148
191 22
323 16
240 157
135 146
199 83
48 127
140 130
117 121
397 24
335 193
96 101
86 67
87 80
92 186
101 196
360 22
304 145
85 51
311 32
92 125
358 103
368 120
312 54
216 60
124 169
370 113
139 15
310 111
73 34
217 178
346 104
339 196
279 209
147 155
273 114
145 108
53 130
212 200
209 163
341 143
70 147
36 10
222 187
234 37
192 128
399 44
177 120
204 117
125 79
179 63
327 147
190 130
365 68
342 119
16 105
357 80
147 63
205 179
337 195
378 156
211 25
278 177
322 77
92 25
154 35
287 63
192 43
235 84
246 207
348 11
173 95
206 177
202 45
181 61
267 117
111 44
203 111
294 184
100 176
154 89
85 13
174 116
149 49
145 124
87 25
256 54
143 23
250 34
195 68
165 206
53 106
351 101
48 88
23 113
352 22
157 204
183 100
375 165
366 119
326 33
393 20
185 72
46 143
96 209
23 198
227 81
326 113
131 192
201 181
369 196
14 26
287 130
248 170
324 26
370 107
372 123
35 174
158 199
131 16
136 192
94 17
200 123
343 164
36 76
222 198
237 138
309 163
375 20
255 85
156 132
346 70
321 99
30 56
265 13
166 106
377 102
319 198
317 22
15 17
297 105
248 171
97 58
349 48
268 121
20 158
103 58
301 71
231 96
34 57
289 73
143 45
109 116
51 165
344 73
247 201
393 96
255 148
151 52
143 34
200 177
304 189
61 156
67 40
172 42
342 155
350 148
212 168
203 41
353 94
210 20
199 148
222 56
26 32
101 129
19 73
114 156
235 65
230 26
70 111
234 162
258 76
232 117
384 149
379 45
258 80
148 184
22 130
95 57
18 80
213 40
128 125
306 27
252 28
170 77
252 190
152 38
95 37
119 204
121 162
341 24
142 76
117 196
124 83
339 99
399 132
221 49
351 13
320 181
268 68
177 196
285 147
46 121
37 174
292 81
279 120
241 203
188 51
12 200
307 150
132 175
136 20
23 101
151 171
149 43
34 34
211 184
98 95
148 16
43 143
165 197
340 71
311 101
53 59
227 116
224 109
233 140
245 24
282 147
225 197
135 92
247 190
233 183
243 145
210 125
346 184
19 175
373 166
304 199
32 44
289 81
158 142
282 147
111 111
94 19
85 28
367 176
339 55
233 83
295 83
96 15
185 192
166 87
404 127
82 71
166 136
286 103
147 65
303 171
30 171
123 93
138 136
21 199
253 103
268 52
86 27
22 111
209 16
119 150
121 80
294 24
398 181
210 172
183 136
368 52
201 146
361 194
280 32
18 98
302 92
363 200
10 98
316 131
74 24
284 123
332 50
37 119
81 85
117 90
355 10
166 126
201 61
368 185
168 94
28 32
45 167
172 17
376 192
394 125
107 136
175 78
36 69
21 118
