背包容量为41
100个背包
0 0 0 0 0 0 0 0 0 0 0 0 0 0 0 0 0 0 0 0 0 0 0 0 0 0 0 0 0 0 0 0 0 0 0 0 0 0 0 0 0 0 
0 0 0 0 0 0 0 0 0 0 0 0 0 0 0 0 0 0 0 0 0 0 0 0 0 0 0 0 0 0 0 0 0 0 0 0 0 0 0 0 0 0 
0 0 0 0 0 0 0 0 0 0 0 0 0 0 0 0 0 0 0 0 0 0 0 0 0 0 0 0 0 0 0 0 0 0 0 0 0 0 0 0 0 0 
0 0 0 0 0 0 0 0 0 0 0 0 0 0 0 0 0 0 0 0 0 0 0 0 0 0 0 0 0 0 0 0 0 0 0 0 0 0 0 0 0 0 
0 0 0 0 0 0 0 0 0 0 0 0 0 0 0 0 0 0 0 0 0 0 0 0 0 0 0 0 0 0 0 0 0 0 0 0 0 0 0 0 0 0 
0 0 0 0 0 0 0 0 0 0 0 0 0 0 0 0 0 0 0 0 0 0 0 0 0 0 0 0 0 0 0 0 0 0 304 304 304 304 304 304 304 304 
0 0 0 0 0 0 0 0 0 0 0 0 0 0 0 0 0 0 0 0 0 0 0 0 0 0 0 0 0 0 0 0 0 0 304 304 304 304 304 304 304 304 
0 0 0 0 0 0 0 0 0 0 0 0 0 0 0 0 0 0 0 0 0 0 0 0 0 0 0 0 0 0 0 0 0 0 304 304 304 304 304 304 304 304 
0 0 0 0 0 0 0 0 0 0 0 0 0 0 0 0 0 0 0 0 0 0 0 0 0 0 0 0 0 0 0 0 0 0 304 304 304 304 304 304 304 304 
0 0 0 0 0 0 0 0 0 0 0 0 0 0 0 0 0 0 0 0 0 0 0 0 0 0 0 0 0 0 0 0 0 0 304 304 304 304 304 304 304 304 
0 0 0 0 0 0 0 0 0 0 0 0 0 0 0 0 0 0 0 0 0 0 0 0 0 0 0 0 0 0 0 0 0 0 304 304 304 304 304 304 304 304 
0 0 0 0 0 0 0 0 0 0 0 0 0 0 0 0 0 0 0 0 0 0 0 0 0 0 0 0 0 0 0 0 0 0 305 305 305 305 305 305 305 305 
0 0 0 0 0 0 0 0 0 0 0 0 0 0 0 0 0 0 0 0 0 0 0 0 0 0 0 0 0 0 0 0 0 0 305 305 305 305 305 305 305 305 
0 0 0 0 0 0 0 0 0 0 0 0 0 0 0 0 0 0 0 0 0 0 0 0 0 0 0 0 0 0 0 0 0 0 305 305 305 305 305 305 305 305 
0 0 0 0 0 0 0 0 0 0 0 0 0 0 0 0 0 0 0 0 0 0 0 0 0 0 0 0 0 0 0 0 0 0 305 305 305 305 305 305 305 305 
0 0 0 0 0 0 0 0 0 0 0 0 0 0 0 0 0 0 0 0 0 0 0 0 0 0 0 0 0 0 0 0 0 0 305 305 305 305 305 305 305 305 
0 0 0 0 0 0 0 0 0 0 0 0 0 0 0 0 0 0 0 0 0 0 0 0 0 0 0 0 0 0 0 0 0 0 305 305 305 305 305 305 305 305 
0 0 0 0 0 0 0 0 0 0 0 0 0 0 0 0 0 0 0 0 0 0 0 0 0 0 0 0 0 0 0 0 0 0 305 305 305 305 305 305 305 305 
0 0 0 0 0 0 0 0 0 0 0 0 0 0 0 0 0 0 0 0 0 0 0 0 0 0 0 0 0 0 0 0 0 0 305 305 305 305 305 305 305 305 
0 0 0 0 0 0 0 0 0 0 0 0 0 0 0 0 0 0 0 0 0 0 0 0 0 0 0 0 0 0 0 0 0 0 305 305 305 305 305 305 305 305 
0 0 0 0 0 0 0 0 0 0 0 0 0 0 0 0 0 0 0 0 0 0 0 0 0 0 0 0 0 0 0 0 0 0 305 305 305 305 305 305 305 305 
0 0 0 0 0 0 0 0 0 0 0 0 0 0 0 0 0 0 0 0 0 0 0 0 0 0 0 0 0 0 0 0 0 0 305 305 305 305 305 305 305 305 
0 0 0 0 0 0 0 0 0 0 0 0 0 0 0 0 0 0 0 0 0 0 0 0 0 0 0 0 0 0 0 0 0 0 305 305 305 305 305 305 305 305 
0 0 0 0 0 0 0 0 0 0 0 0 0 0 0 0 0 0 0 0 0 0 0 0 0 0 0 0 0 0 0 0 0 0 305 305 305 305 305 305 305 305 
0 0 0 0 0 0 0 0 0 0 0 0 0 0 0 0 0 0 0 0 0 0 0 0 0 0 0 0 0 0 0 0 0 0 305 305 305 305 305 305 305 305 
0 0 0 0 0 0 0 0 0 0 0 0 0 0 0 0 0 0 0 0 0 0 0 0 0 0 0 0 0 0 0 0 0 0 305 305 305 305 305 305 305 305 
0 0 0 0 0 0 0 0 0 0 0 0 0 0 0 0 0 0 0 0 0 0 0 0 0 0 0 0 0 0 0 0 0 0 305 305 305 305 305 305 305 305 
0 0 0 0 0 0 0 0 0 0 0 0 0 0 0 0 0 0 0 0 0 0 0 0 0 0 0 0 0 0 0 0 0 0 305 305 305 305 305 305 305 305 
0 0 0 0 0 0 0 0 0 0 0 0 0 0 0 0 0 0 0 0 0 0 0 0 0 0 0 0 0 0 0 0 0 0 305 305 305 305 305 305 305 305 
0 0 0 0 0 0 0 0 0 0 0 0 0 0 0 0 0 0 0 0 0 0 0 0 0 0 0 0 0 0 0 98 98 98 305 305 305 305 305 305 305 305 
0 0 0 0 0 0 0 0 0 0 0 0 0 0 0 0 0 0 0 0 0 0 0 333 333 333 333 333 333 333 333 333 333 333 333 333 333 333 333 333 333 333 
0 0 0 0 0 0 0 0 0 0 0 0 0 0 0 0 0 0 0 0 0 0 0 333 333 333 333 333 333 333 333 333 333 333 333 333 333 333 333 333 333 333 
0 0 0 0 0 0 0 0 0 0 0 0 0 0 0 0 0 0 0 0 0 0 0 333 333 333 333 333 333 333 333 333 333 333 333 333 333 333 333 333 333 333 
0 0 0 0 0 0 0 0 0 0 0 0 0 0 0 0 0 0 0 0 0 0 0 333 333 333 333 333 333 333 333 333 333 333 333 333 333 333 333 333 333 333 
0 0 0 0 0 0 0 0 0 0 0 0 0 0 0 0 0 0 0 0 0 0 0 333 333 333 333 333 333 333 333 333 333 333 333 333 333 333 333 333 333 333 
0 0 0 0 0 0 0 0 0 0 0 0 0 0 0 0 0 0 0 0 0 0 0 333 333 333 333 333 333 333 333 333 333 333 333 333 333 333 333 333 333 333 
0 0 0 0 0 0 0 0 0 0 0 0 0 0 0 0 0 0 0 0 0 0 0 333 333 333 333 333 333 333 333 333 333 333 333 333 333 333 333 333 333 333 
0 0 0 0 0 0 0 0 0 0 0 0 0 0 0 0 0 0 0 0 0 0 0 333 333 333 333 333 333 333 333 333 333 333 333 333 333 333 333 333 333 333 
0 0 0 0 0 0 0 0 0 0 0 0 0 0 0 0 0 0 0 0 0 0 0 333 333 333 333 333 333 333 333 333 333 333 333 333 333 333 333 333 333 333 
0 0 0 0 0 0 0 0 0 0 0 0 0 0 0 0 0 0 0 0 0 0 0 333 333 333 333 333 333 333 333 333 333 333 333 333 333 333 333 333 333 333 
0 0 0 0 0 0 0 0 0 0 0 0 0 0 0 0 0 0 0 0 0 0 0 333 333 333 333 333 333 333 333 333 333 333 333 333 333 333 333 333 333 333 
0 0 0 0 0 0 0 0 0 0 0 0 0 0 0 0 0 0 0 0 0 0 0 333 333 333 333 333 333 333 333 333 333 333 333 333 333 333 333 333 333 333 
0 0 0 0 0 0 0 0 0 0 0 0 0 0 0 0 0 0 0 0 0 0 0 333 333 333 333 333 333 333 333 333 333 333 333 333 333 333 333 333 333 333 
0 0 0 0 0 0 0 0 0 0 0 0 250 250 250 250 250 250 250 250 250 250 250 333 333 333 333 333 333 333 333 333 333 333 333 583 583 583 583 583 583 583 
0 0 0 0 0 0 0 0 0 0 0 0 250 250 250 250 250 250 250 250 250 250 250 333 333 333 333 333 333 333 333 333 333 333 333 583 583 583 583 583 583 583 
0 0 0 0 0 0 0 0 0 0 0 0 250 250 250 250 250 250 250 250 250 250 250 333 333 333 333 333 333 333 333 333 333 333 333 583 583 583 583 583 583 583 
0 0 0 0 0 0 0 0 0 0 0 0 250 250 250 250 250 250 250 250 250 250 250 333 333 333 333 333 333 333 333 333 333 333 333 583 583 583 583 583 583 583 
0 0 0 0 0 0 0 0 0 0 0 0 250 250 250 250 250 250 250 250 250 250 250 333 333 333 333 333 333 333 333 333 333 333 333 583 583 583 583 583 583 583 
0 0 0 0 0 0 0 0 0 0 0 0 250 250 250 250 250 250 250 250 250 250 250 333 333 333 333 333 333 333 333 333 333 333 333 583 583 583 583 583 583 583 
0 0 0 0 0 0 0 0 0 0 0 0 250 250 250 250 250 250 250 250 250 250 250 333 333 333 333 333 333 333 333 333 333 333 333 583 583 583 583 583 583 583 
0 0 0 0 0 0 0 0 0 0 0 0 250 250 250 250 250 250 250 250 250 250 250 333 333 333 333 333 333 333 333 333 333 333 333 583 583 583 583 583 583 583 
0 0 0 0 0 0 0 0 0 0 0 0 250 250 250 250 250 250 250 250 250 250 250 333 333 415 415 415 415 415 415 415 415 415 415 583 583 583 583 583 583 583 
0 0 0 0 0 0 0 0 0 0 0 0 250 250 250 250 250 250 250 250 250 250 250 333 333 415 415 415 415 415 415 415 415 415 415 583 583 583 583 583 583 583 
0 0 0 0 0 0 0 0 0 0 0 0 250 250 250 250 250 250 250 250 250 250 250 333 333 415 415 415 415 415 415 415 415 415 415 583 583 583 583 583 583 583 
0 0 0 0 0 0 0 0 0 0 0 0 250 250 250 250 250 250 250 250 250 250 250 333 333 415 415 415 415 415 415 415 415 415 415 583 583 583 583 583 583 583 
0 0 0 0 0 0 0 0 0 0 0 0 250 250 250 250 250 250 250 250 250 250 250 333 333 415 415 415 415 415 415 415 415 415 415 583 583 583 583 583 583 583 
0 0 0 0 0 0 0 0 0 0 0 0 250 250 250 250 250 250 250 250 250 250 250 333 333 415 415 415 415 415 415 415 415 415 415 583 583 583 583 583 583 583 
0 0 0 0 0 0 0 0 0 0 0 0 250 250 250 250 250 250 250 250 250 250 250 333 333 415 415 415 415 415 415 415 415 415 415 583 583 583 583 583 583 583 
0 0 0 0 0 0 0 0 0 0 0 0 250 250 250 250 250 250 250 250 250 250 250 333 333 415 415 415 415 415 415 415 415 415 415 583 583 583 583 583 583 583 
0 0 0 0 0 0 0 0 0 0 0 0 250 250 250 250 250 250 250 250 250 250 250 333 333 415 415 415 415 415 415 415 415 415 415 583 583 583 583 583 583 583 
0 0 0 0 0 0 0 0 0 0 0 0 250 250 250 250 250 250 250 250 250 250 250 333 333 415 415 415 415 415 415 415 415 415 415 583 583 583 583 583 583 583 
0 0 0 0 0 0 0 0 0 0 0 0 250 250 250 250 250 250 250 250 250 250 250 333 333 415 415 415 415 415 415 415 415 415 415 583 583 583 583 583 583 583 
0 0 0 0 0 0 0 0 0 0 0 0 250 250 250 250 250 250 250 250 250 250 250 333 333 415 415 415 415 415 415 415 415 415 415 583 583 583 583 583 583 583 
0 0 0 0 0 0 0 0 0 0 0 0 250 250 250 250 250 250 250 250 250 250 250 333 333 415 415 415 415 415 415 415 415 415 415 583 583 583 583 583 583 583 
0 0 0 0 0 0 0 0 0 0 0 0 250 250 250 250 250 250 250 250 250 250 250 333 333 415 415 415 415 415 415 415 415 415 415 583 583 583 583 583 583 583 
0 0 0 0 0 0 0 0 0 0 0 0 250 250 250 250 250 250 250 250 250 250 250 333 333 415 415 415 415 415 415 415 415 415 415 583 583 583 583 583 583 583 
0 0 0 0 0 0 0 0 0 0 0 0 250 250 250 250 250 250 250 250 250 250 250 333 333 415 415 415 415 415 415 415 415 415 415 583 583 583 583 583 583 583 
0 0 0 0 0 0 0 0 0 0 0 0 250 250 250 250 250 250 250 250 250 250 250 333 333 415 415 415 415 415 415 415 415 415 415 583 583 583 583 583 583 583 
0 0 0 0 0 0 0 0 0 0 0 0 250 250 250 250 250 250 250 250 250 250 250 333 333 415 415 415 415 415 415 415 415 415 415 583 583 583 583 583 583 583 
0 0 0 0 0 0 0 0 0 0 0 0 250 250 250 250 250 250 250 250 250 250 250 333 333 415 415 415 415 415 415 415 415 415 415 583 583 583 583 583 583 583 
0 0 0 0 0 0 0 0 0 0 0 0 250 250 250 250 250 250 250 250 250 250 250 333 333 415 415 415 415 415 415 415 415 415 415 583 583 583 583 583 583 583 
0 0 0 0 0 0 0 0 0 0 0 0 250 250 250 250 250 250 250 250 250 250 250 333 333 415 415 415 415 415 415 415 415 415 415 583 583 583 583 583 583 583 
0 0 0 0 0 0 0 0 0 0 0 0 250 250 250 250 250 250 250 250 250 250 250 333 333 415 415 415 415 415 415 415 415 415 415 583 583 583 583 583 583 583 
0 0 0 0 0 0 0 0 0 0 0 0 250 250 250 250 250 250 250 250 250 250 250 333 333 415 415 415 415 415 415 415 415 415 497 583 583 583 583 583 583 583 
0 0 0 0 0 0 0 0 0 0 0 0 250 250 250 250 250 250 250 250 250 250 250 333 333 415 415 415 415 415 415 415 415 415 497 583 583 583 583 583 583 583 
0 0 0 0 0 0 0 0 0 0 0 0 250 250 250 250 250 250 250 250 250 250 250 333 333 415 415 415 415 415 415 415 415 415 497 583 583 583 583 583 583 583 
0 0 0 0 0 0 0 0 0 0 0 0 250 250 250 250 250 250 250 250 250 250 250 333 333 415 415 415 415 415 415 415 415 415 497 583 583 583 583 583 583 583 
0 0 0 0 0 0 0 0 0 0 0 0 250 250 250 250 250 250 250 250 250 250 250 333 333 415 415 415 415 415 415 415 415 415 497 583 583 583 583 583 583 583 
0 0 0 0 0 0 0 0 0 0 0 0 250 250 250 250 250 250 250 250 250 250 250 333 333 415 415 415 415 415 415 415 415 415 497 583 583 583 583 583 583 583 
0 0 0 0 0 0 0 0 0 0 0 0 250 250 250 250 250 250 250 250 250 250 250 333 333 415 415 415 415 415 415 415 415 415 497 583 583 583 583 583 583 583 
0 0 0 0 0 0 0 0 0 0 0 0 250 250 250 250 250 250 250 250 250 250 250 333 333 415 415 415 415 415 415 415 415 415 497 583 583 583 583 583 583 583 
0 0 0 0 0 0 0 0 0 0 0 0 250 250 250 250 250 250 250 250 250 250 250 333 333 415 415 415 415 415 415 415 415 415 497 583 583 583 583 583 583 583 
0 0 0 0 0 0 0 0 0 0 0 0 250 250 250 250 250 250 250 250 250 250 250 333 333 415 415 415 415 415 415 415 415 415 497 583 583 583 583 583 583 583 
0 0 0 0 0 0 0 0 0 0 0 0 250 250 250 250 250 250 250 250 250 250 250 333 333 415 415 415 415 415 415 415 415 415 497 583 583 583 583 583 583 583 
0 0 0 0 0 0 0 0 0 0 0 0 250 250 250 250 250 250 250 250 250 250 250 333 333 415 415 415 415 415 415 415 415 415 497 583 583 583 583 583 583 583 
0 0 0 0 0 0 0 0 0 0 0 0 250 250 250 250 250 250 250 250 250 250 250 333 333 415 415 415 415 415 415 415 415 415 497 583 583 583 583 583 583 583 
0 0 0 0 0 0 0 0 0 0 0 0 250 250 250 250 250 250 250 250 250 250 250 333 333 415 415 415 415 415 415 415 415 415 497 583 583 583 583 583 583 583 
0 0 0 0 0 0 0 0 0 0 0 0 250 250 250 250 250 250 250 250 250 250 250 333 333 415 415 415 415 415 415 415 415 415 497 583 583 583 583 583 583 583 
0 0 0 0 0 0 0 0 0 0 0 0 250 250 250 250 250 250 250 250 250 250 250 333 333 415 415 415 415 415 415 415 415 415 497 583 583 583 583 583 583 583 
0 0 0 0 0 0 0 0 0 0 0 0 250 250 250 250 250 250 250 250 250 250 250 333 333 415 415 415 415 415 415 415 415 415 497 583 583 583 583 583 583 583 
0 0 0 0 0 0 0 0 0 0 0 0 250 250 250 250 250 250 250 250 250 250 250 333 333 415 415 415 415 415 415 415 415 415 497 583 583 583 583 583 583 583 
0 0 0 0 0 0 0 0 0 0 0 0 250 250 250 250 250 250 250 250 250 250 250 333 333 415 415 415 415 415 415 415 415 415 497 583 583 583 583 583 583 583 
0 0 0 0 0 0 0 0 0 0 0 0 250 250 250 250 250 250 250 250 250 250 250 333 333 415 415 415 415 415 415 415 415 415 497 583 583 583 583 583 583 583 
0 0 0 0 0 0 0 0 0 0 0 0 250 250 250 250 250 250 250 250 250 250 250 333 333 415 415 415 415 415 415 415 415 415 497 583 583 583 583 583 583 583 
0 0 0 0 0 0 0 0 0 0 0 0 250 250 250 250 250 250 250 250 250 250 250 333 333 415 415 415 415 415 415 415 415 415 497 583 583 583 583 583 583 583 
0 0 0 0 0 0 0 0 0 0 0 0 250 250 250 250 250 250 250 250 250 250 250 333 333 415 415 415 415 415 415 415 415 415 497 583 583 583 583 583 583 583 
0 0 0 0 0 0 0 0 0 0 0 0 250 250 250 250 250 250 250 250 250 250 250 333 333 415 415 415 415 415 415 415 415 415 497 583 583 583 583 583 583 583 
0 0 0 0 0 0 0 0 0 0 0 0 250 250 250 250 250 250 250 250 250 250 250 333 333 415 415 415 415 415 415 415 415 415 497 583 583 583 583 583 583 583 
0 0 0 0 0 0 0 0 0 0 0 0 250 250 250 250 250 250 250 250 250 250 250 333 333 415 415 415 415 415 415 415 415 415 497 583 583 583 583 583 583 583 
0 0 0 0 0 0 0 0 0 0 0 0 250 250 250 250 250 250 250 250 250 250 250 333 333 415 415 415 415 415 415 415 415 415 497 583 583 583 583 583 583 583 
0 0 0 0 0 0 0 0 0 0 0 0 250 250 250 250 250 250 250 250 250 250 250 333 333 415 415 415 415 415 415 415 415 415 497 583 583 583 583 583 583 583 
