20
30 16 51 71 20 56 90 1 81 42 52 25 28 67 80 15 25 48 66 35 
2 97 59 43 47 47 65 69 12 71 42 22 84 37 94 90 24 89 1 62 
9 25 77 21 70 19 52 26 53 72 82 94 12 29 86 85 55 57 9 95 
40 36 27 35 30 47 80 48 94 67 50 87 82 74 21 56 19 31 31 11 
6 70 78 93 82 36 90 11 76 8 55 56 47 58 62 35 19 50 55 71 
19 12 68 36 54 91 79 32 14 80 49 40 94 29 58 17 90 77 23 66 
11 25 39 34 9 68 45 62 91 79 14 65 98 19 22 35 34 3 64 47 
0 21 98 51 21 61 41 99 85 56 33 94 48 38 13 30 9 74 3 55 
16 92 65 26 37 33 10 82 57 30 98 11 96 19 7 57 16 74 61 62 
29 86 1 79 66 62 46 4 35 68 63 96 47 16 68 36 80 5 95 42 
49 57 58 89 63 84 2 69 99 37 1 81 22 94 5 37 2 45 52 28 
21 47 83 63 67 96 31 98 16 35 8 87 22 27 36 68 69 74 40 73 
9 49 61 83 36 17 26 55 51 32 96 34 68 90 90 8 46 14 10 31 
5 32 43 89 53 49 37 22 89 89 14 19 14 35 21 85 18 37 77 27 
66 90 94 69 91 54 4 89 44 41 45 12 46 19 95 24 38 53 51 41 
71 71 78 32 72 82 46 87 24 16 32 79 86 52 43 2 39 6 17 93 
50 13 56 33 84 60 24 3 64 73 47 38 4 78 22 36 28 38 14 9 
15 26 1 75 12 44 53 21 43 90 49 47 4 91 48 78 66 67 54 44 
8 97 14 9 20 14 32 27 25 79 86 27 63 81 58 17 36 88 22 2 
33 98 88 84 9 34 71 10 49 97 78 97 73 75 55 42 22 89 98 4 
20
89 19 74 1 15 1 1 53 40 59 13 61 48 1 63 91 68 72 63 91 
68 57 3 70 36 59 19 77 39 72 28 66 77 26 96 19 41 64 41 83 
57 82 56 58 57 36 71 47 25 79 98 35 59 92 31 39 64 39 37 86 
18 95 54 58 61 83 27 12 78 80 19 10 25 80 62 4 38 2 81 21 
15 39 27 7 36 5 50 93 70 49 46 0 24 26 49 76 47 96 4 25 
89 31 84 77 96 56 49 80 8 41 95 89 58 43 2 46 98 19 11 0 
44 94 27 15 66 98 36 5 6 74 22 61 78 83 92 45 87 16 50 93 
65 78 58 12 79 85 62 57 63 15 7 6 33 50 44 88 69 96 48 40 
78 65 34 56 36 89 38 48 12 70 32 79 59 60 21 21 28 31 39 71 
94 21 74 37 85 93 56 34 40 63 56 21 95 85 83 39 37 93 27 68 
89 0 81 7 20 86 12 64 58 14 22 80 7 21 15 64 84 71 12 33 
30 90 41 0 29 85 38 64 36 19 2 65 64 84 73 31 62 43 65 66 
22 6 55 5 62 87 47 68 42 35 51 58 81 88 91 10 80 23 54 18 
69 14 48 9 19 42 77 10 12 36 54 62 3 47 77 60 39 6 57 7 
71 38 70 12 12 26 97 90 80 89 48 14 56 11 57 82 28 0 85 89 
50 58 91 0 16 81 13 24 98 23 42 87 51 40 56 23 23 88 32 29 
29 12 92 58 33 99 96 44 41 12 12 82 0 54 33 73 11 55 82 2 
15 66 5 92 58 65 54 52 66 46 67 21 23 92 81 21 16 48 38 33 
97 76 99 60 38 23 11 16 67 18 25 60 82 87 55 49 69 77 32 81 
41 23 23 12 62 96 72 67 6 18 62 67 8 54 9 24 56 83 27 13 
