11147
15393
15138
25347
5923
26662
6886
1917
4256
12340
26992
23300
16094
30788
12579
23420
4352
30843
30949
9798
22711
32346
20608
25362
22977
20021
31815
20724
29359
14566
1020
10683
17132
14786
10481
20350
29179
12492
1902
30839
31744
3369
26451
19732
10114
31700
32766
11340
2159
28307
13167
2608
13408
3882
1194
7362
3103
29390
19805
19209
15975
8668
30403
4709
26602
18379
14792
22049
29848
8032
10862
19783
9759
28448
4719
696
25518
10763
24356
7035
14079
2183
9893
22358
6804
11675
2098
32667
32065
11357
27602
14405
7914
430
25913
26435
10894
22052
15855
9748
