12676
7240
27311
29076
27653
24322
28686
3094
25323
21585
31325
17842
26296
2111
11471
7905
30682
13333
27615
31047
1070
5579
9964
19151
7618
23490
25894
1789
3807
30902
6574
12928
28487
29678
761
21767
7867
2485
6518
15702
18624
12302
20848
19353
21923
21412
13365
13816
27835
24832
5240
31595
27630
28158
25076
30928
30838
6018
24658
21563
3301
26471
17741
12941
10343
22200
532
27464
840
16419
15343
11937
27830
22186
14374
20951
13767
29852
16159
13764
19902
22212
15046
31666
29578
6112
5169
31855
8335
85
5253
13732
4265
32288
19731
8546
2926
22800
19143
11262
21172
30514
6339
15391
23124
17805
22087
277
11565
6416
25556
31596
9067
7113
27537
29633
19977
6744
18669
21461
15252
17826
4998
5600
31282
15562
20810
15912
31460
29533
5083
4817
14856
18380
1336
1527
20770
24096
10139
1530
21979
4841
19613
10265
10826
6775
1952
24899
8819
8269
8046
16681
8973
31443
17182
25496
7561
18251
1592
3078
3407
518
26649
8043
23115
28376
27288
28754
17576
26057
31721
4399
15835
22541
14274
8435
21220
8503
17341
17886
3024
30889
19198
19092
25731
5967
23829
4468
17076
25997
13349
21029
3385
17781
9798
21873
18565
19774
17961
9047
23663
1521
30459
22363
26421
614
30603
3873
16832
25199
10414
10042
6441
5715
4835
14910
16765
30334
28467
5659
9661
886
14171
7084
31017
25105
301
15502
3518
26598
10548
2863
29694
19457
4247
4391
18415
20443
29247
24524
20326
29833
4924
3840
19845
4147
21093
7758
12163
22472
23359
27702
30379
12528
33
14276
936
24642
32661
24680
9983
26552
14592
22529
6877
10591
5254
31547
18963
8787
8744
17435
2143
20971
13359
2776
8173
8497
30926
18669
22557
24213
22275
4716
22919
8674
4798
14741
4925
11376
31813
20647
1359
6556
11991
32246
5269
29557
8847
22078
19368
32696
5516
12599
11570
22783
4175
11369
31592
10293
2404
20546
6356
4685
27717
2918
26200
11827
1915
30790
17008
5891
9734
8436
3511
28282
22527
13622
22701
25514
11900
26329
7863
4593
28340
24647
12903
19499
100
2396
16126
10279
7025
3702
815
24152
30926
24011
10534
20941
2720
3840
24521
21603
32672
26871
6462
31546
5569
31208
4781
5989
20
30131
2375
9958
25576
20084
16519
20953
12597
15192
15799
18415
23099
8624
23735
4638
11878
5188
8698
11415
23669
23786
28113
31993
24539
17495
29932
30916
23909
3124
8733
4112
13086
20341
17760
12415
16240
15590
13337
29808
9099
24582
16028
21109
1291
27673
7922
24840
4820
15737
17627
633
20801
1325
8975
3371
29055
21180
25033
17408
14387
28739
6790
13074
14179
17606
266
17572
24467
12484
7589
8792
11310
6414
31924
13986
28456
5081
30570
25212
32738
27665
31185
15195
20814
28400
27147
25954
13139
14288
5342
24022
17267
28221
17264
18899
20651
10831
24142
7485
13978
29494
16819
11768
29670
3095
9992
1884
32732
791
18343
4579
9046
14005
7396
25381
22754
17756
24910
18951
30752
6968
14130
27439
12396
4682
6241
443
5821
22711
29491
6194
19149
4454
6348
19898
30587
25289
24734
31628
12909
26619
9519
20134
32505
14348
32285
10687
30790
30617
23391
25472
26286
10399
26061
13553
17511
11408
18659
27698
30051
11431
18882
14187
13940
23673
20343
7173
1972
19150
16512
28187
5668
13486
22924
23595
26771
3775
24963
25362
21442
14542
24262
15927
31173
4011
12728
10246
22700
20794
14461
32416
11363
1735
24578
8400
10199
27034
17981
5954
18778
30155
20918
24047
20041
8024
25158
25052
2540
23925
32542
1796
9117
35
9740
19090
45
1028
8186
21844
23171
22638
32440
4717
20358
19390
10235
7754
24894
4591
4517
8663
13621
6507
4934
28146
4644
8736
28899
27424
24779
19159
759
12670
13345
2241
8120
23803
7341
15699
10651
29125
19252
24148
26394
25857
18068
25653
1973
7615
14576
29344
31287
557
6157
28499
30778
25866
11516
31535
27373
26462
16122
396
3349
8809
26004
20944
28242
11737
17935
30528
15268
22080
16390
17174
28973
6084
19797
15571
22841
12569
6454
27862
31867
25260
4778
13614
26521
11809
32283
11437
27116
10752
19007
12349
12673
15787
11327
7799
26723
22932
18201
29042
14108
32684
25155
10969
20601
12319
29585
17985
27278
3646
88
9657
18682
20924
6612
11426
15468
22558
30919
31937
15206
27245
31843
2450
30785
2862
4202
30175
6258
24724
16020
28562
28939
3827
28465
32200
27781
6008
7439
29990
32188
3864
158
1648
17467
16838
30290
6999
17850
5609
9289
30099
24805
17421
9006
17458
23903
14040
11869
9008
15623
10048
8007
14663
12922
18684
14360
26632
24793
6968
408
16939
18636
12685
16463
15396
1734
2352
17645
19191
18059
15978
7145
25932
4080
13896
24679
6854
20706
4243
13919
13713
18602
30210
12284
6714
14447
5807
8770
22980
31997
27848
11508
10744
30149
6023
31157
14332
23844
25188
30317
2343
30184
19593
3822
24084
12816
9350
10712
19445
14035
3142
27833
42
25060
31041
2937
25107
13301
1268
9974
1826
17530
8590
32491
11572
8879
1773
31510
12065
18396
27592
20378
10129
32471
24366
16546
13842
25803
22063
18759
6760
26425
16857
10676
6692
25404
16742
8327
25721
18961
17587
21371
26698
28374
13044
11076
20615
24978
27047
9915
6842
31606
10182
26939
31709
99
14657
2123
1903
31148
30379
23677
19655
11804
27955
22934
24231
23355
17111
12782
30996
5069
10964
18714
14693
26524
32353
14793
7323
14455
19868
29420
14320
24699
31941
12314
24499
3473
16810
20786
12370
30264
5474
21826
11705
19333
28222
31911
27866
3175
22013
22134
31629
7728
12351
15643
31387
20049
17725
1600
7701
8549
25782
27121
2027
4978
13613
25853
12473
11627
849
6815
21220
5113
9661
31069
3046
29562
18657
10033
10214
27979
14144
30951
19340
27202
29149
30918
28691
30335
11503
16498
26016
2661
1244
10769
20434
25827
32613
7341
20634
23288
11550
30681
21837
16502
32546
25240
14839
19974
9476
378
14067
10348
1801
22536
19640
27916
12436
22882
8694
26541
16097
27687
2018
21886
10230
26005
6349
22870
28119
16370
9468
1344
4602
4138
25012
7479
23802
32441
3732
30510
20111
18379
1320
7252
18878
1698
26298
3989
20813
20537
23659
