23908
26746
24871
7555
22712
27629
25285
12294
10580
30442
2963
6024
3916
10443
7896
26177
32709
24238
3977
25700
32508
13675
19052
16813
23434
26569
27517
1337
12006
23793
25233
12187
18219
31522
19257
17196
24091
4775
31721
9890
16740
29958
4186
5605
20515
3195
29484
5406
29095
1956
10960
6672
26999
28030
28069
24491
11414
11664
16737
6110
7173
102
10675
28590
18570
11329
10791
6533
9136
525
8009
20940
16911
9875
13069
4539
4813
31728
28782
25712
12389
16198
14934
4671
11943
11953
10686
5706
2561
19325
5910
4689
7164
3222
21223
13515
14601
5439
20919
17717
23422
17415
20269
19114
32732
11769
11381
180
5715
23060
3558
3682
11656
20731
31714
13210
14997
21741
2814
24753
8785
22006
20323
27705
26579
30311
8053
23322
9265
13189
27058
28389
11149
1662
8668
28260
851
4513
2394
23670
3516
11725
22236
4377
3735
27690
318
26825
27976
24600
12719
32265
22545
17765
8466
8511
11408
22211
25764
708
18825
26745
28127
17212
11750
7000
16799
24099
2300
15345
10884
8873
8208
8709
27287
11968
11546
9277
12336
8307
6856
29723
21015
29049
16838
30257
5865
12554
2877
27281
3005
4081
7322
31108
11784
29411
28816
30847
27838
32527
352
31570
17594
21750
26712
1443
31840
28029
5785
28827
17025
19776
2846
22751
13438
554
10746
10434
4017
8003
6369
4793
4616
10952
17642
4111
19955
12929
30099
14297
30081
31311
4358
557
24774
30981
30107
19343
21375
6008
3229
11436
17913
26074
31313
31307
13614
15171
3892
384
15921
29585
24197
21538
2253
16242
7683
14720
17769
15039
13048
5968
16943
15628
4214
26344
23406
6269
19169
2737
19260
15067
1197
6104
7263
25830
6249
26694
17518
27629
9213
2259
10547
14749
22832
22454
5460
32279
14189
26432
24626
18501
4806
30923
19730
30829
3129
9197
25979
16646
24370
32241
21214
10699
10322
21895
31613
18703
2415
22202
26245
10064
20188
11043
11133
270
31210
27228
28900
23261
21678
28344
15894
7098
29445
25137
9328
8603
17622
6050
948
1098
7575
1079
28079
31346
21779
27937
27929
5370
25962
7566
13244
17555
10841
14552
29657
23949
9659
31996
26823
3567
27984
2383
21213
31174
9662
32108
27282
29117
11989
1137
3811
30702
25879
8299
13045
1784
7288
18958
20220
20306
14434
14506
22619
24287
1276
26202
1293
26306
13740
9343
24131
4979
11483
21612
26190
11026
28920
6243
21952
26108
29375
4289
13262
13725
2235
31093
19961
28037
17417
15286
21230
701
608
18422
5290
21851
24910
19473
13793
14420
30404
6603
18081
11154
29397
20857
5171
31814
3771
9470
12354
16256
27931
18169
29502
23293
20362
23101
32259
4159
17743
30082
32438
15843
14186
3930
15600
19248
30166
26214
12575
29164
10764
14793
11049
23155
21192
26077
19538
15882
11535
14629
22623
880
11889
5507
8699
2486
29836
12715
5723
5457
19921
3800
11294
4974
16267
30398
14711
10117
11548
5567
30093
14129
1162
1377
10530
26687
5179
23296
21107
17668
28157
3776
16480
31476
31562
20166
26829
26481
9929
4776
32328
26337
16151
801
2284
6659
30408
2570
1669
5507
9641
7813
22005
12236
12104
8572
29142
24861
12983
24138
15968
27103
26508
951
28301
13110
19500
10538
17532
7638
2378
13338
12563
13080
11946
12742
5865
27724
11563
31014
13411
1105
12804
10529
31005
1892
18254
22272
19083
5430
24003
291
31712
2369
9157
6642
32046
32091
19874
16151
1487
23180
13078
28907
15877
27677
26129
24109
11229
10481
9915
6138
26457
10009
22709
16889
22989
28066
23970
4823
3210
6321
30951
14579
19130
979
8366
30554
6795
28302
24625
3829
20880
20284
12085
18433
18532
18457
25300
12224
29072
29338
7040
24174
22446
29952
21573
22903
18127
5678
30542
26087
9499
17335
7083
24354
16055
15932
20562
26069
2284
24565
6243
31532
8325
12685
31920
23622
1912
16691
22140
12774
26057
28654
14211
26731
20908
10544
4923
17410
25322
14511
3418
1306
5509
12912
4504
12568
16287
8484
6326
21324
7832
28344
16063
18980
16247
15144
3726
29856
18059
5524
9872
21510
23122
19349
6859
30167
13721
17105
14367
14849
9445
4301
3276
18774
29458
17667
23093
20541
2362
6453
21476
20904
17880
31744
20429
9798
20269
10676
19415
31737
25827
18275
27800
27018
29937
13368
22880
27292
30654
1290
6522
22494
22409
24113
22190
12165
26376
8089
10506
16890
11087
5909
20451
5839
31988
11509
31766
7672
17521
16090
3987
312
21961
7369
30237
10713
12143
23679
31563
20128
8291
30468
16851
7680
6558
25731
16391
22670
11952
10841
26016
28597
2472
3948
20155
31915
22068
27326
10273
9123
26633
16450
10443
14149
8325
8174
17574
12379
22419
31505
31891
19917
19408
25575
28594
28879
24044
27498
4576
2393
6994
4460
11134
9943
23563
31459
1653
291
30687
25220
27766
3504
22206
30611
23175
29960
24671
7929
3515
31864
3879
19095
19776
14345
10828
23258
5535
6323
27450
16015
2368
10958
4662
17657
18989
6345
11841
22049
8471
17950
7231
1390
5534
5765
344
12917
23501
13673
17567
11282
15076
29080
19441
2488
20827
318
32
12037
23075
16916
23633
11674
22319
18901
3235
31017
17715
23282
24594
8655
15532
4486
4506
2213
9248
23692
11423
17042
22439
5968
4236
7523
27050
22307
22459
31517
24811
16723
9621
30609
6085
32090
8186
3122
8374
5974
6115
9764
21530
26297
9541
25237
27449
19778
14905
25936
19588
25132
29019
32143
27932
23973
7023
3345
27540
22657
20555
25965
18424
13360
1777
4006
23822
16109
30971
12799
32475
26681
21820
2065
25193
6536
1444
8474
13000
1850
3172
22680
30547
3532
15443
15639
12084
28496
20624
22855
17963
1306
10089
4945
18059
14781
9340
5739
27781
24374
32284
31403
32424
13670
31223
7960
4009
13510
23797
27143
3424
29014
4707
25509
16660
10710
20048
24272
9464
22329
12087
9259
13045
20567
8927
21361
4266
21986
4736
28425
15538
6811
6695
17883
8485
7109
20315
12131
12129
24026
23297
19971
26890
24958
27261
19358
31311
25777
15386
17506
18799
17480
19116
21477
8060
4510
23668
30836
20064
12423
31043
16552
30749
4485
3042
30521
23385
23615
12978
16663
18713
7726
912
25015
10189
20890
18171
6571
10125
20677
28281
21366
2978
2406
18998
4766
11592
1112
16879
22787
7090
5524
5390
30318
32079
18525
26135
30317
5708
23482
5442
8287
6234
25385
11882
15819
8113
24466
28197
6902
340
25722
8757
30132
20119
7545
26911
20094
12767
18414
5401
20421
2218
29937
13865
16262
24271
10121
3980
12063
12038
8991
31829
23905
3242
32307
1878
32486
6846
19790
14915
24740
29743
31288
26645
6339
26968
7018
30381
14764
14027
24518
27578
15203
6479
25222
16604
3862
25381
31603
17162
4342
30352
24407
305
19525
18836
9396
3613
17840
22269
182
6557
16352
8355
20583
9442
11852
9965
16930
22057
19025
31124
13130
12186
32388
17833
5691
11631
7239
1242
29825
3928
3994
12785
24905
20766
1332
9885
28692
5767
14035
1653
947
3707
20944
23354
2415
4452
11254
18012
29832
32475
14996
27584
3553
7808
32721
31169
27641
2089
25152
29301
10013
22336
8884
6705
7644
11622
25686
12111
23996
18524
31476
20270
1067
12068
29596
11387
11192
14947
2922
31407
14723
31754
2206
13017
7922
18997
10737
5534
25510
29012
8234
3710
2990
20872
17900
23641
11770
27472
2514
9009
20242
8036
16062
19249
21512
9697
18029
20718
8618
167
19023
27374
15357
27903
30358
10343
31207
6274
27533
27976
8492
7478
22828
28541
32412
2297
30953
6511
20106
29731
22992
30155
2431
27495
13014
2181
26928
12538
12139
14620
14766
6391
27214
12831
19165
1283
2725
23024
5671
17197
14157
18632
27761
21527
21615
24571
16462
23643
16212
26238
24691
17704
31866
20134
13932
20524
3047
2354
23949
8887
22461
2444
9770
3101
28943
24396
22795
2908
3827
2302
20250
22526
984
25637
12639
29249
7450
24192
29998
32374
8404
19595
26783
28583
24054
2377
25407
17788
663
17217
28421
24927
11404
6854
32136
14047
26681
30076
32110
23378
4519
11032
25640
14527
19415
28519
32733
26619
598
7570
9635
30225
10514
18592
4085
6375
11884
13628
354
5919
21390
8377
32642
26428
24319
31059
14894
18950
23924
27576
29424
25647
25834
27079
30905
6966
3569
3735
3026
14732
5963
955
15893
7670
26549
19396
9053
31282
25093
5640
26171
25821
16245
32674
5355
17044
25663
26042
14982
19034
25194
11527
6264
10553
7907
8849
5173
2348
19663
22972
11560
32573
13088
11138
3820
9451
28774
15104
5055
24782
12520
9012
19252
8830
2804
12805
22824
5552
30067
21635
16630
4258
3264
6257
28911
16826
6587
26369
8708
24682
3865
23774
24518
25942
28926
25455
19601
3513
23245
28507
30211
11780
5951
2120
19891
6089
32434
32233
6688
5848
4036
28215
29672
18856
30241
254
9019
22776
29593
31900
29070
21173
24438
6149
17300
11295
12300
11787
3946
12072
17041
13789
786
22300
21807
9421
28450
24711
26456
7510
18877
4180
29786
3933
24003
30258
15411
11703
31301
11836
3750
23788
13884
26072
19598
32570
7290
10207
4979
16861
21472
13311
18267
20366
6098
25950
28386
3146
5352
27776
5517
15956
32230
24683
10332
18557
27887
27401
158
22947
25845
5325
4361
13688
1908
29593
26890
31364
21088
16608
602
2414
31324
6920
3282
29047
13612
30226
11392
1607
2157
32636
24058
748
28803
31078
29938
24096
29652
20725
26891
13258
30260
29685
25835
26568
24735
10690
19346
26092
28974
29544
10218
9028
18244
14089
15007
17567
8
14975
6704
3660
30489
12611
6471
293
32637
24973
26438
18637
10458
9405
7970
24373
25832
18170
14452
2405
8486
2585
3789
4473
10444
20416
29514
25065
25345
11979
31849
26126
16719
30702
2075
21474
29268
28060
9243
17160
11450
13096
20605
13580
9833
14123
20618
29419
3066
7461
32203
25558
3183
27239
20836
16691
19746
31280
6052
19429
23036
32022
473
26317
26087
1959
2665
14992
28550
29777
24350
18075
7715
7295
17858
869
27369
11525
12012
31220
27219
6590
27417
29859
18916
29811
13822
11554
22041
11007
3101
7102
7324
28849
32407
19427
32442
22258
31041
23007
18455
22824
12025
32232
7584
24538
8251
18529
22722
32532
28655
29529
8921
29709
31365
27989
25836
9735
25412
335
24471
11895
3039
16382
32584
11366
10826
3672
16559
26391
28875
32086
14703
1002
31828
20215
6426
21376
32016
19591
13916
31264
19772
21025
31862
30553
27192
13171
19694
20713
990
24001
10629
25822
5650
23340
14954
9979
16538
6965
1197
19805
20785
9341
25846
12383
13270
5070
8823
25018
15722
3167
11807
16113
1146
32084
25105
748
15450
24709
21844
6882
18035
22144
6092
17021
28125
17361
27241
11065
305
21377
18334
13070
16024
732
20501
28238
17960
6775
28577
2256
1649
14450
20084
16974
22354
20475
25234
2572
14098
16915
13701
32186
23979
29589
12882
20380
6761
1140
4013
22504
12212
3140
10857
21872
8490
32764
25650
8576
10226
9466
23166
23306
16716
13639
2497
19712
2924
6429
12512
5122
25736
22950
2281
18233
48
12551
9473
10371
26334
23453
3742
8144
5070
3718
29174
1484
9487
14180
28343
446
20955
26973
24824
32431
6948
7015
13935
31696
27247
7106
9189
15382
4837
23749
20200
6439
26791
32478
16320
32121
25187
15317
12196
18872
31013
5968
1837
10601
14959
30876
8458
6862
16523
4522
9462
11785
1312
14168
3815
16259
16900
3826
13960
12687
21585
13561
27370
26955
21947
16675
30326
4807
24608
19362
7975
28778
12129
22441
30454
14737
5489
18221
4245
19576
29867
15337
27743
14174
13417
2468
12688
23780
25554
7606
1969
14263
32499
32713
9303
366
2578
20445
24845
16566
30526
25999
28047
684
2603
29850
29241
17290
11837
23198
14014
19078
29411
31264
8477
31991
8742
18130
8401
27834
9602
26389
23112
9684
11508
3773
9879
32600
19540
30484
15212
29580
741
6177
3908
17223
24875
1834
19934
26781
16636
7799
28911
7358
17370
21081
20759
29980
2944
22379
17172
23500
24763
32280
5430
26415
15483
26461
274
21713
26410
30416
25979
11153
8764
9698
23726
18691
4104
7265
717
24082
19926
12865
143
7914
29753
16027
11829
10773
29087
22518
25280
27363
29478
27078
17249
31504
20401
17202
10033
18337
10556
794
25378
32015
14444
1369
4661
32423
30314
13639
11758
27953
6386
27010
2822
208
5287
11503
3679
14889
6570
6395
11837
11975
15978
9511
5042
29886
19646
4035
28762
29071
25905
17401
23625
4172
27804
24846
20546
8957
30715
18149
4137
29505
10873
19397
6587
17977
14797
32603
27517
22433
3273
7939
14322
4160
10288
8003
22801
31619
24009
28312
6134
16485
29105
21878
7384
8593
10741
6026
6971
18635
31840
14914
3687
24972
20114
5263
6680
18156
31826
3050
25463
18629
6182
8853
30281
19478
6688
15139
2663
19109
28922
13626
15726
30185
10598
18328
5303
294
8095
15188
23434
22234
28484
27750
12686
15704
5478
13162
23940
11955
30944
7329
14389
26589
19686
4153
17321
29456
481
20430
17050
12653
14458
27952
25640
10212
27381
7783
22479
4947
16577
4852
23957
2034
16461
11866
9864
8174
21277
19421
6503
32084
20508
28554
20384
9009
52
2167
24186
27128
20764
10316
16532
4899
10865
21506
29582
16413
6409
20971
7686
20576
17540
6387
20934
27354
25379
17701
15931
13974
8158
13681
26410
1688
9904
13996
13214
32009
19254
24536
26917
27028
32120
934
26427
26383
263
23353
14087
31838
6728
20013
17221
17556
9743
31704
19588
25180
20335
27087
28049
17048
22481
31660
17459
29255
9540
6159
4632
2988
2836
7907
27152
32429
158
5347
15737
14457
14946
10332
24058
28269
22874
29492
18293
4153
9355
7723
17974
9534
217
18785
19825
6459
6943
24089
4587
15401
30847
11708
15607
31075
24823
545
19364
2570
22581
779
28213
9896
6317
5363
31697
31763
17640
5384
20092
26517
17183
5749
6982
15945
30472
1250
6850
9160
19952
20541
5562
13317
20746
1466
10785
1142
12807
31256
23625
16501
1510
26919
18519
25829
8718
11911
2035
24344
20378
31666
8260
4848
18676
12092
3099
3141
13733
12634
13934
24455
6251
31138
30985
32165
25484
8721
29568
32557
10091
11090
20072
10932
3929
22077
16070
14968
8365
13983
24008
9540
28695
25401
10419
28308
16689
26379
15645
16890
17495
22482
9564
24000
26297
13775
18750
4303
26798
30922
22267
20431
11852
28247
14439
9616
32309
19800
26732
681
8883
8899
15544
12383
8456
31653
30643
27336
31487
28775
14004
26160
11975
30032
4212
17339
26881
5196
30659
14668
7448
29676
13945
28838
30673
20397
5296
25041
24611
17789
48
11456
31304
7291
18475
13872
24852
26879
16683
3027
2438
12762
25928
21422
1181
31455
17566
19135
4972
22690
23038
5860
16753
29055
6116
28664
31011
4062
16809
25663
18122
10678
25850
15364
15763
336
1929
16512
13028
17230
23810
27134
17389
17899
6465
14653
22912
19844
12994
16406
7714
31320
10585
7518
6754
17292
9507
28686
27497
9074
444
1441
18387
22794
6578
18366
18109
25289
26170
11543
7455
5786
18210
12689
17757
31523
1799
6565
17688
17993
28616
1286
1354
9462
826
5252
28818
12313
11294
10032
19404
13039
31568
29377
31973
9858
17729
31542
13293
1647
13222
11709
10862
25323
8050
8916
27901
21512
18178
19374
25358
12853
13464
3800
2317
14340
26891
6172
4266
28977
7869
24486
23412
6879
14540
11365
937
22820
12941
5556
26444
26056
9014
18490
27001
7242
10714
4622
24054
1828
21915
31263
21258
21072
24091
26324
11666
18187
16435
6127
19281
13529
4840
30647
8072
27593
10394
1878
32198
11258
20607
27264
1794
11870
19536
22101
27879
10942
20034
26505
32623
32511
4920
9154
14515
23459
27959
10817
15106
6547
21018
22469
30000
7451
17031
25004
24880
27190
7457
11356
4325
19980
12799
24801
32054
16825
10846
1495
19297
27216
6290
8075
31889
23071
17475
7005
15282
30517
1749
2665
15748
11042
19496
28518
26350
16382
2946
9165
11670
3757
19657
6206
26286
25184
3574
29729
30737
13663
7366
22665
8078
11015
14514
19037
17539
27406
4386
1977
1966
16911
29662
19602
1345
11074
16325
19097
32052
10122
28609
22626
21983
1462
20986
7110
11464
0
16202
13190
27066
21210
26354
9264
2071
12523
651
3143
2670
14420
1599
25502
19536
19767
8504
18949
9824
32122
8793
10535
6314
20936
5420
11699
28470
12249
11036
23482
5340
12788
17637
16985
2137
6066
12360
4759
10147
13316
28163
7568
17786
31863
5120
32212
15680
7607
8141
28682
30986
14674
19788
7897
7671
12479
17836
26120
21185
8607
14999
20707
21649
30530
16813
22497
19992
13677
1074
8581
9435
24667
5891
19074
12494
9729
3791
31010
4645
11415
9347
16360
6503
10835
32262
4981
30148
10872
28455
22440
7592
9103
18132
18441
9616
17140
31884
16232
31005
4501
21014
8897
10854
22007
15732
29539
19347
22394
12051
19537
1704
26333
2116
20201
26526
20484
22000
17091
3256
6393
9094
27868
12564
12850
31289
25076
17793
31762
24681
22580
2960
17841
27998
15380
26350
10464
17724
3196
22768
26472
4403
16937
23152
11667
18423
18003
2008
24046
23152
15501
21372
19020
6322
9196
12845
32270
25391
4971
30218
32162
31787
5518
19354
8010
3441
26438
3352
24863
13893
7701
24590
24661
13721
31090
20774
21952
1156
25455
25148
15255
29935
25753
16055
121
10386
3872
2586
27565
29727
9528
31958
5806
700
32446
17251
8167
19895
29215
21390
31419
15477
17526
11285
200
172
25844
12913
10349
722
30597
8947
1161
29398
29360
18194
29062
20749
21695
26116
5015
879
13345
9099
2621
19203
12044
16658
32016
11672
32359
29944
26044
10166
12262
19500
15178
15060
19319
18938
25249
11211
26589
14884
2124
1419
29338
26933
18301
13325
12051
14098
16978
19337
12527
14290
3928
20456
21952
22223
8270
4220
485
12285
1579
27631
9391
4987
13922
4217
18370
26472
13668
3158
11710
23544
19046
17016
17439
9671
8293
6009
27746
12909
30824
27347
24682
2898
20742
12371
13857
23236
10023
15819
18018
18246
13327
8456
31511
6443
19608
4611
18590
24164
17854
21851
22130
151
609
8963
6919
369
3655
25912
28405
20796
27233
25527
23385
29620
28239
12076
10104
26390
25381
24813
27046
379
15216
744
8039
14436
3188
13275
4307
1686
11448
23491
831
25640
7109
1174
32537
1242
5930
11060
11540
20648
195
7323
3717
19103
31291
13147
5389
23024
22992
2379
23929
10563
23638
29049
4582
4173
14463
20071
14121
15269
30553
6260
26990
1747
13848
10392
19486
15530
13590
6996
12551
12761
22552
24553
15031
28092
31699
18377
32296
21880
17583
10827
26531
3398
19146
28834
26334
1039
18240
7696
9832
23866
9898
10327
21062
11458
9444
13425
12767
14731
22036
2944
6421
14838
16615
23560
29877
16051
28190
7004
30225
16342
4426
6998
8683
45
11987
10315
18069
15057
25407
17214
7511
20220
12209
19540
6929
24090
28592
12680
13345
4131
23594
30112
6023
29223
16313
9056
9543
9003
16420
253
9231
17203
24873
6101
31258
22688
9338
25692
27988
8124
27397
16986
11967
30868
31608
26964
13589
26374
20997
3399
10927
22810
7523
30621
29349
10134
3349
11353
2359
1228
21742
28565
17260
19895
2517
16174
12792
28998
15302
5310
11107
25080
28953
970
16744
17833
26375
2109
9628
22444
15210
6421
16720
12569
25540
21341
1207
27496
5507
20827
12620
20799
899
522
9070
4489
5333
5323
24397
10440
30911
19799
25866
29868
15363
21496
4122
9700
17252
22009
1516
1076
20327
2650
30667
14536
27991
28361
15365
4808
31115
20686
589
31276
5868
30534
10078
1234
16305
18
27617
25037
21357
17936
4753
3841
17996
25418
10653
3309
21913
9070
845
1223
25988
31359
8681
5326
27683
21449
6871
14044
3510
19738
13571
30010
20015
12847
18052
25017
31730
19565
5500
766
14297
23250
16447
11294
15995
17962
28856
29291
22190
25990
24329
13709
2378
26346
26482
28116
1584
12358
14196
13516
23179
19623
22070
15378
23638
14767
3111
9831
28447
10563
28133
30467
1546
2947
3678
2859
1816
29951
7221
20998
29609
13607
28263
13997
31296
12548
17454
28801
21895
22054
15397
11713
7315
14814
18093
19548
26728
14509
6032
5379
29376
10747
23269
11395
4616
31756
12596
12114
13996
19505
14042
11111
19860
20283
6830
27727
11247
7733
2020
19838
26671
15187
26418
1763
17492
25381
15154
10175
3438
32272
7176
13238
5213
17919
5700
5671
9180
29782
28938
24505
6078
3112
8048
566
31094
5289
24871
32413
17885
22502
22110
14706
16432
31155
2787
26969
30296
31461
15499
21475
23151
31938
24789
19624
5503
22710
11722
10902
30605
24648
10791
10120
10454
22859
2238
24090
88
2649
21274
22972
9108
27517
10082
27910
21395
20272
3455
16972
2855
6023
10113
23153
21107
19370
16703
28160
27565
8584
830
25720
15651
20425
19669
21992
7292
15364
31118
19132
24385
22835
5582
11735
21660
19044
18105
9442
3167
7601
26960
17123
3911
13169
11484
18705
27779
9648
11408
27111
16496
17373
19562
17015
6311
30403
23898
32257
22841
8379
19622
22468
1849
19999
25229
28436
7291
18945
21547
8621
18588
27421
11420
24647
17218
11533
20836
12650
5029
27068
9742
22148
29007
18205
4884
18233
8736
11549
29695
30458
31124
22486
12495
6361
23881
23045
1693
21915
29371
9150
17279
10255
23122
24926
31148
21407
7072
18114
28129
10533
9955
6838
17667
3584
4050
5808
13573
31078
26006
28351
15628
23547
19478
5566
10449
9635
14967
4557
25415
23957
739
29954
23679
178
1930
20059
1736
6676
16615
9975
12058
18921
31045
24454
13493
11906
24961
511
25605
25511
25361
23441
30921
3118
21317
29403
2932
6604
27597
11871
28115
18218
11388
16180
15089
30779
2636
9212
7736
29902
4001
22550
5592
12639
20946
789
13421
6707
24549
15472
9692
5284
3738
14202
31613
10937
17836
27541
896
5369
12883
3235
12169
5761
781
26558
20126
24405
4254
30761
7747
26868
6229
18566
30435
303
27538
29769
6002
30522
14469
23916
21585
7940
20536
27237
11634
7876
3536
24661
4028
15060
17168
11650
17841
5059
19998
14343
23374
2726
15498
1226
31026
16302
8076
19119
31491
24320
30093
17931
17678
12224
19689
24668
7469
6511
1012
55
2798
4984
19003
5505
753
13061
18188
13794
24978
19223
2360
23927
30920
21206
9239
10183
13645
1574
7629
5369
7936
29818
4812
12100
14471
29165
12954
9382
568
7823
31189
10457
9274
30716
19828
13187
999
10548
23375
28333
18549
3238
25570
26998
4822
5262
20813
25352
27868
3457
16288
16844
13217
28486
23126
2778
294
12264
13087
28084
22842
19721
30179
14387
7582
32633
7683
18113
3430
19720
4322
17609
21410
27800
16804
20844
26942
12406
16949
23670
20007
27370
25997
20368
23983
268
22323
22455
16947
8154
19456
25324
19451
18312
12326
9773
12129
8471
30321
16293
28214
21033
27852
18720
28769
17172
14854
28353
4041
2869
26838
24055
7030
30599
9245
8365
5619
24435
2156
14529
13046
15338
11974
4024
22594
13490
21671
3760
9677
6141
17732
29333
18718
28736
26645
12440
8186
11330
6289
32477
28223
3444
11065
21876
11024
20608
17367
31627
10546
17444
24840
29922
7862
16961
16632
25471
20441
16175
877
12706
24872
25428
11527
6139
5352
25333
28614
21531
30644
2123
23756
9001
16488
9178
25444
21718
26430
22270
16708
2706
14391
27847
18447
30465
25789
13574
7198
12712
22662
5544
20608
29421
21947
17987
1087
19518
7258
27119
25829
12432
8409
31575
14911
24843
5644
16144
24417
4611
20040
12329
19690
23595
14281
6915
6282
19973
30801
23138
3521
12701
27666
27333
17385
23159
3022
18419
21878
4038
32317
18647
7293
26334
22703
28045
6259
8684
21234
21437
24888
26341
29302
17704
19283
25276
28847
5248
8576
11480
24763
15485
5992
32453
22597
29997
22959
5162
8105
13196
24371
18171
11608
18260
24467
15343
28799
2838
4847
13109
12003
23178
7919
20835
31247
17188
21767
29871
32690
8935
9721
27233
14659
10622
28315
6280
16102
28553
474
28652
16787
6197
5119
14917
28789
12559
27441
6314
19856
17434
31035
17996
13735
20510
17040
29540
8029
6980
13964
19562
21914
5088
23805
392
12592
13198
31970
25166
5567
6272
8307
24999
13782
18710
6753
5644
25178
21935
28766
2551
26924
19648
20192
28827
18182
13603
27170
4818
12454
689
28780
2135
14127
14610
29077
4405
3020
12500
24518
9087
9878
12987
3456
322
21688
23896
19681
27320
29136
2269
5155
16574
20633
7472
19301
11144
5832
3646
10158
6548
4147
29330
14127
10972
15672
26662
712
23632
8285
15225
26830
1923
3892
1249
5388
2725
2690
12323
14855
11441
24991
8769
28551
4583
9504
29075
23122
21629
11444
25625
315
5522
13388
10256
29531
6755
21631
31427
9119
18881
23084
12708
7555
7619
16737
22939
30492
23992
22395
24734
9308
13407
18575
32130
3986
30299
7177
18961
6960
11489
25747
17244
28881
14516
10041
9299
16762
8531
15818
20114
23328
25712
14465
13694
14187
22949
740
32657
26554
32355
20461
20978
615
15915
4456
31305
30028
2816
32412
27345
24966
23068
28205
15535
25720
22754
1857
11394
29203
28180
3554
17723
9301
23366
20132
11567
9232
4754
28039
18794
3821
5262
7198
11078
32432
27259
31473
31805
5566
4287
10785
23548
13532
26006
19786
25784
15929
28676
1709
18885
2479
4878
11663
17509
28230
297
17372
17118
1274
1011
28432
3535
2238
27681
30807
22467
30656
15800
6131
27399
23023
27777
4063
27065
20667
15542
22962
21538
21531
7170
27589
18758
16597
1705
22936
13752
7162
19714
21362
25779
12207
19758
18760
10087
25907
29956
13536
1681
30
8267
20279
12878
7911
10028
13599
9265
9385
12518
16172
10131
28711
7876
4305
15402
1037
9037
8903
1758
1145
22970
19630
17623
11705
29101
4599
29915
10327
17183
13825
10967
24146
24218
23426
16827
13743
28073
13097
24459
21552
30606
32130
32691
20580
24114
25625
30620
29664
10082
28130
10620
29387
26167
4824
22898
15520
22742
13029
22738
18991
3674
29698
31678
3301
10511
19359
3318
25422
4321
14149
13296
14040
10772
26746
300
9946
25653
26597
5314
25812
13648
29618
4925
9721
21859
7480
23723
19946
19987
27097
14837
14021
12958
31530
29805
14942
5137
596
2982
24780
1467
699
32136
22568
17889
10205
21667
6545
24243
12924
28868
24435
21375
16639
15814
20745
11813
30486
19627
1825
203
18589
748
20000
12241
27587
21516
18757
6151
13931
14707
23346
25886
27346
23674
30632
11357
14194
9923
17042
8085
28199
11467
8261
27735
13969
9922
6918
7012
16313
27546
16844
1125
13559
8798
25672
10717
31251
7621
20515
4443
29354
5639
29575
27636
22739
13551
2272
8944
26371
10289
12260
7364
22830
11775
6097
20033
2351
20439
7925
27658
10858
16287
2932
20555
26800
2803
16710
26792
28259
6334
6527
16500
5594
9479
16083
31524
18950
12046
13145
21251
23126
3480
25487
28711
17881
7559
27295
11171
16803
16045
27616
4862
32369
4834
9632
16356
29072
13140
8481
22556
9466
20511
9185
18874
21187
28190
17950
6038
20403
14080
21146
18940
2357
3998
21404
22437
6767
26763
28983
6886
15539
31981
1230
10024
5910
29580
1496
4760
12638
5673
13281
2080
3618
4881
8657
13717
12332
31986
1649
27186
3874
31980
30251
31045
16230
27371
27154
13608
20794
16437
14370
5747
11048
6207
24776
25456
25505
13253
21925
27599
24036
12825
7567
11419
11809
29884
31192
28781
2270
24875
28883
16352
16795
29947
24981
13892
7345
24616
1273
3735
30848
6571
32743
31921
4553
8778
27349
9918
26457
27060
29325
21233
232
2509
30257
7543
7488
19527
18045
19114
2978
11890
27213
2440
13413
22357
3167
14947
5344
13309
30297
3545
12938
11797
15630
4103
18784
12471
509
29690
14727
28546
28186
13158
30771
9197
18898
22171
1991
13530
22089
30900
15166
31855
19430
23570
18633
8225
8721
8969
28601
12049
1083
216
13728
31388
6175
30431
32435
23853
31048
29196
1395
25430
3540
23703
30093
2848
6263
30703
11774
3487
11203
4852
28282
26313
25254
28774
29711
3976
564
29085
18694
7693
26790
22907
19466
16488
28067
15264
12940
17749
6079
27612
2661
10073
19266
490
32445
19982
22058
17755
25644
31163
32115
5584
20512
3368
28565
9068
16255
10673
16463
2953
4237
20888
20899
11690
21519
1184
20002
19633
14769
2775
6249
20563
7077
25011
21484
15048
28045
32608
27378
9927
4763
24665
13793
25009
24310
4918
10172
30221
18528
14020
9194
14900
2583
7771
24889
14157
16376
4204
32290
31868
15594
21338
10831
12887
8314
31883
2394
666
28611
13758
13016
10267
13713
27807
29590
15104
28102
8344
13346
3375
16380
17131
10381
11014
19819
23806
11632
21581
5645
28917
30253
360
14593
18566
28791
18641
5166
9737
277
14534
1832
3023
32226
31039
23895
3509
2329
18979
9046
24825
12751
12731
27545
7756
32193
28519
18003
27176
16464
1680
28822
30563
25290
30173
32444
6149
491
28330
1543
20567
1188
8374
2436
8252
4122
28187
11829
30404
31986
7044
31342
1023
12748
20634
9344
23823
1805
31935
13461
9857
6114
29695
32219
14558
9346
22595
13029
29564
27059
8904
6478
12698
4495
25040
8351
5548
8584
32408
24690
7924
2474
8073
16856
15698
14624
31410
22521
22365
23546
11382
11258
30386
9773
26242
36
3725
20443
2819
20034
4246
9941
2069
1354
17405
22879
1918
19008
4808
24115
18076
16472
16748
7624
10908
7259
17563
16595
25837
1867
10590
18447
15348
5194
17251
20793
19458
19896
5528
11615
21635
7580
10489
11355
25976
5445
17829
16795
295
22577
16952
26147
1552
11821
23893
23508
29988
190
21890
13806
26674
18368
13113
19156
19618
10573
31035
29455
13925
20704
12072
14742
24364
16826
31309
24908
9688
10373
14525
25547
8754
28728
21155
19808
8413
7738
13782
6742
7049
14794
12206
31096
360
17054
6423
6097
25574
31434
2275
22966
23445
2020
101
9479
14694
12134
17979
8369
22559
12883
25451
3447
8713
3102
30386
7155
7913
6343
21016
25559
7730
26183
5832
24697
20857
13614
17183
5775
27433
27787
26371
18230
5496
1292
29302
21562
21914
12134
21098
14737
12084
14839
20439
16424
7187
31146
25868
19939
11294
14876
32067
30431
24969
30973
21111
13306
7500
28856
23930
25237
12244
13910
3138
29080
25080
28319
12931
24503
2606
24195
26756
28404
511
23225
19499
12645
4024
23206
22617
21304
6243
12928
18046
17908
11765
14515
11876
12545
19913
23172
22607
19307
25421
25588
30024
739
25340
32487
12726
5127
4492
11653
22062
30691
19304
17377
27276
19127
24672
9432
3907
4090
22431
17981
241
30624
12254
16435
31287
2201
28632
27609
26567
21658
6910
21805
8894
6431
24171
1066
9525
29105
2586
24884
27922
32612
10839
14518
292
10661
21875
8714
19568
23602
444
19865
17349
26218
30636
32323
2455
24519
13409
12801
1034
13737
20557
15816
6476
18005
15919
24753
1576
11581
30274
4696
728
9346
25012
4225
10779
8119
6745
28674
22152
1000
21153
13533
27170
8410
31176
13740
13356
20373
28748
20034
26943
23072
24740
9615
24985
4236
4143
2756
4536
12083
15467
11704
28968
31298
22631
13962
17305
12917
15995
137
30772
18210
10806
31824
4911
27001
3736
32053
21919
25866
7297
30181
6030
24968
3434
26696
2126
29132
1619
3243
18700
5148
9980
29725
5544
1966
6488
10777
28613
7016
13631
6502
28
23018
3171
14396
8725
14030
29317
16296
19864
8494
21993
29233
21280
8039
31751
13756
7698
22557
30339
1197
29006
11392
25695
31311
20995
18381
21360
32374
5319
18455
22030
21603
16615
25671
8464
4327
15867
13154
17912
15308
32702
30986
23914
8304
9245
6984
13795
4531
14222
9608
23207
9491
5027
31973
1787
10518
3039
10663
22933
23273
23752
23050
23633
8006
4413
578
13349
17050
21002
15803
3415
1128
21434
21925
6125
29160
22189
4272
10342
21493
28010
12308
20647
13350
32053
15829
1336
15674
11493
4165
8880
31417
13808
9930
26478
15320
19400
17377
13706
7581
3434
26723
12555
69
13619
5128
3675
27619
31478
28457
9464
10313
23629
16842
6763
3115
16172
23511
14718
18306
8892
21166
18858
11567
21094
14302
31439
16353
20269
11566
14632
1592
25410
31202
32125
27179
5074
1337
28058
10151
25891
23098
24833
3704
9439
6320
7644
7021
11952
30580
25141
11447
24332
15338
3433
21907
10323
19150
32218
5417
32279
13873
30437
29875
2746
27838
8980
20705
25407
28226
1684
21116
11610
10604
30185
23115
27593
26321
25824
25651
25831
25906
8645
9633
22399
2818
20695
27437
29150
20771
15353
31095
16172
19185
19114
30037
32508
28545
13879
5937
6945
2090
20015
11692
12227
26693
24856
13191
22963
21042
7520
31940
16124
11676
32407
16136
1467
29437
6875
31044
11568
28772
25747
32404
32020
19318
13408
10344
32557
25778
12112
29665
14113
32762
23893
3710
3208
22095
1014
5623
6980
29917
6469
3945
24085
3383
25361
22964
26472
6883
5724
7969
7280
537
2831
2633
9848
3016
22509
16946
3704
25306
27334
29114
14054
30393
28909
24121
10190
26386
9196
20834
24869
23769
20085
23146
10075
29837
7580
10861
32303
7613
4676
4109
17863
5067
9943
22108
11776
21488
32059
2812
29699
13440
10497
28548
7705
367
27103
6694
10688
16917
27232
2447
24574
3118
22234
12303
17397
2085
24737
14842
20408
2706
378
4942
29533
26369
4946
28821
2643
24565
4144
24333
15094
22572
3689
8199
29793
10533
19731
21389
32387
17120
25787
13895
20598
30949
28763
30368
8459
8327
17030
25892
26026
25706
31462
1068
13145
28995
4072
15038
13850
24543
8374
11951
12922
103
9062
2570
17767
27362
17264
12214
22082
30971
1126
9042
28469
3332
31967
10340
28615
19004
15797
23731
19885
8781
14704
20977
22499
23577
16385
27293
12284
30646
25268
32296
28087
5047
21600
2135
8402
14254
6624
26600
9507
10223
7879
28792
31972
9878
592
21412
9551
17867
12436
9583
6507
12100
7168
32739
30501
1292
11013
2556
31394
16259
11793
26049
17364
11431
29119
18868
6731
29841
16715
18796
9038
18242
27976
4481
15915
6048
10901
6824
31435
1980
23949
6175
24201
27222
9598
9548
27460
32163
15452
30369
7347
17230
32439
4546
20473
6588
12267
20714
18810
31380
20119
13707
19692
639
3408
20020
31665
9772
17302
13240
28004
14488
27398
24973
14002
9868
31954
28018
21099
2919
17263
25172
8408
797
29837
17011
29008
23936
10060
29889
18950
5822
31405
8586
25125
14635
70
16986
543
3137
16187
26908
15937
13541
25449
639
16268
10988
27876
6046
3776
10206
29604
21215
5561
29434
21371
19483
19198
11898
21578
24576
15256
2584
8821
5812
26400
32464
11156
23995
8732
30696
13164
6427
29324
3374
13597
20414
6847
12929
25756
30487
18027
146
25700
8713
3581
31468
873
5892
17454
30514
5966
4465
16855
2472
18135
12880
9222
6901
22689
25631
12369
2856
23057
13822
21354
1528
12938
29202
28148
27728
30435
29479
25493
30475
4376
32153
8269
30460
4159
8052
2054
22065
13502
23514
1132
15992
3260
9637
9470
2339
13525
27982
1381
23561
4370
17934
28165
6093
4632
26178
25299
31587
23199
1812
5222
8399
22822
26456
26448
14128
10725
30132
1454
7678
21764
26116
12030
17808
15626
13820
14897
30945
20888
25871
32257
29843
23127
25488
4997
28468
28207
32024
9987
30401
27322
16935
19205
18280
32760
13582
431
32658
9284
15884
28751
21793
1158
10935
28982
12278
17579
15517
30663
19895
9298
2860
31437
21199
23496
15567
22802
27830
17719
23386
27693
26994
9754
18344
15771
26718
11508
4226
4625
2090
30530
12483
16145
13859
13230
30906
32444
692
13445
9936
13799
7981
1643
29547
24688
26820
24398
5138
6098
9434
31128
31185
26616
21119
12201
20191
26191
13623
27524
30590
16159
31998
16072
6691
11547
12171
14051
29399
3895
14034
16770
30173
4281
14540
13643
1429
6035
7290
21199
16288
27888
24616
20922
9541
21517
9455
20045
8979
842
4989
11023
15304
13185
32281
15039
23154
14742
25569
18060
4052
24143
14678
17545
16139
26726
6683
21083
32114
3293
18426
18484
10690
14738
6952
30726
32382
28179
18378
27888
9102
5811
7351
16125
809
7646
8064
20237
26105
10153
10670
32531
6778
11181
27466
14977
11172
24854
30371
25345
27337
12535
14667
30054
20672
8929
1635
31458
31299
30643
5656
6777
17302
26291
7790
24245
18281
12510
26941
924
17664
32381
2936
24799
12689
15097
8629
17492
30958
25328
13802
20646
12643
30856
12917
13388
18146
4612
1632
19639
24925
13973
24290
2512
2676
32114
6697
9633
22096
9002
22358
1106
5071
2361
18378
20568
18401
21466
9632
9961
30770
6685
29562
26803
2313
23609
27009
717
12912
13347
13223
17390
20629
29792
25904
4573
4976
10519
17776
4904
20902
12138
22998
8473
685
22278
20777
5606
9265
16889
13330
19240
3767
30405
32475
23694
32129
22706
2166
723
19889
31336
23233
6893
14513
32444
24584
11656
3537
31691
2507
2738
12082
5189
21698
19928
21988
15116
19999
24049
24907
21758
32275
15865
13767
11534
23443
16801
28307
28314
11612
31301
26350
6649
31797
28702
24185
10067
31348
31673
15585
19381
1219
21415
14525
5220
8228
8823
26042
19570
6451
14561
28149
24720
10411
12356
31400
13603
16684
4435
4105
8858
27196
21258
24687
3070
19595
17896
23223
17354
21371
16216
30694
13054
2015
6512
3087
30319
2051
23261
7800
26209
16622
6942
3320
15447
19683
30449
32419
19242
6958
10507
27050
32089
17693
6924
12412
3488
13388
690
6705
11724
32293
24397
10793
4045
6312
27507
6896
1293
19560
22260
101
10240
2006
23824
21788
17405
30658
2792
30464
28492
2335
18995
22333
2944
14343
1074
24925
8198
20479
28902
23984
17151
379
26240
21234
1099
28837
15641
11048
3814
8538
6819
8139
29816
25717
15136
12584
22311
10833
2322
11527
26032
24201
6706
2187
23990
12546
25700
4441
2138
28716
16107
14844
25867
22660
985
1417
30367
32094
26058
22142
26275
12001
19922
9456
29424
339
21940
24550
22911
22935
12885
32256
13951
8947
8816
348
2212
4631
13706
29369
20417
6491
32553
6109
31129
29257
2625
26933
4339
24667
8431
2748
25324
4357
15465
19485
3729
15606
12598
29724
12973
28316
27546
23346
11744
4582
20565
6519
9457
12621
5517
19398
17253
1045
10248
13339
27217
12752
28830
14655
16748
28453
3566
2472
24168
22479
22097
26010
30339
10728
13836
21651
20057
18024
15818
18918
23548
6889
30025
31910
20294
22701
18003
30405
29806
7393
5104
8061
9434
28195
20954
17647
14900
13123
12337
26891
14272
1862
12144
21935
7661
3761
12448
15379
7210
12804
21963
25444
5370
24964
18100
10927
10315
17981
11717
25089
14340
1096
329
16077
6877
29258
27867
28557
29043
27197
28446
4780
20892
6003
32687
5284
15351
26071
20824
14692
4040
30327
1159
21748
28931
15679
24062
30555
21671
11271
21963
4033
10061
3793
4731
19153
16897
32075
9355
12385
8528
1436
5663
17493
4770
29788
8950
11968
19403
24036
11422
12109
8412
19657
16100
24542
19519
14755
14479
2674
32003
12307
27726
5708
8052
17668
19950
20562
5103
16944
32720
4787
18420
10982
21659
4044
25981
32267
6446
17485
3214
22880
15065
21655
19214
25090
7628
22889
18133
5687
14287
24508
19974
27751
17204
8171
16799
25449
7690
12311
3662
26625
10644
13770
10119
13222
15866
23258
14547
2184
1597
2449
363
28369
22640
13322
3589
22315
24102
10974
17646
18051
8487
18177
30809
28429
20583
27366
29431
23177
20792
7914
12999
2500
28862
19695
17968
11617
18851
24391
32589
23513
12813
18133
29064
26817
17869
11374
28010
16716
24794
20869
28337
29200
7677
25608
12451
14861
11725
18821
23715
20203
6622
9617
1794
13955
18486
8042
28183
22945
21248
10971
12178
13320
2181
22624
26637
17847
10071
28811
28900
10603
10959
24230
12359
29797
15290
11930
12173
17261
6480
8720
27595
6423
3686
8405
5286
28997
18148
2179
11621
11757
6520
8030
17483
16669
6540
11900
13347
14396
1398
1833
9244
3218
25839
30601
14807
23819
27591
29311
12735
30007
29911
28366
20889
17814
10550
16766
26971
12563
10160
30594
22082
21454
16499
29335
15391
10014
6412
19823
26866
9943
19602
19215
5817
23496
23585
21878
32650
28552
906
20351
30688
11635
17993
15880
819
5359
18616
3156
5835
24820
18818
28590
32469
10443
20313
11855
6583
32277
24300
19842
23969
11280
19731
27398
23652
31766
333
17844
14728
9062
15469
14689
18072
15911
14224
12806
14785
31658
12114
23071
12956
24560
12098
2128
327
15980
12691
12366
25530
21001
26388
23293
11608
5743
15202
27094
3269
18050
26971
10636
25592
9260
13271
30703
26257
27997
5779
272
29292
8784
878
22438
22134
271
32728
27824
31679
23097
13959
10844
9425
8963
20843
13864
14145
26749
12261
7751
17283
2071
19764
30278
16130
20835
27440
9967
9328
29980
21818
30062
28251
25960
20339
1458
8194
2906
1580
23574
20582
30139
4510
8769
27556
25866
25051
13130
7809
22721
9989
13088
8263
474
2494
13610
20176
16018
18399
13866
20704
877
2413
28007
12984
21882
457
14603
12519
14808
12582
10698
9572
15993
23104
29124
19162
38
76
15021
19011
20931
298
10027
18104
26837
8162
895
23431
13121
4942
26984
16519
14934
27924
23364
2216
14094
27864
6777
11982
15249
5039
15635
25824
5627
3030
18095
22811
20575
14500
18583
26029
29196
701
19758
24191
26127
13449
4751
29010
11001
31460
22641
19469
12258
24087
17742
32085
685
18183
9924
17247
13198
25773
4411
15618
4554
1478
8904
12561
9662
15052
27985
24551
3107
21540
19442
4931
5776
4249
10144
24663
21824
4105
28428
20507
28182
24158
17866
25063
25822
10944
11955
7233
14550
32522
13704
8180
31597
2938
23512
29026
17482
23212
19747
27674
9872
457
7743
5293
2913
8444
7163
15550
5537
18469
27907
11609
29436
5074
2819
19334
15914
5739
22287
27421
22129
25004
19779
17371
20588
17496
7078
15542
25612
4140
8276
366
31708
31762
4829
5733
18825
30360
23784
24240
929
31904
26140
18542
12443
18521
22336
4952
8984
27758
6304
26010
2920
12157
4019
8930
16976
15306
24572
14774
12554
30517
13102
23306
31374
5993
19603
20498
18960
18007
27566
25173
27338
27363
16928
2563
3323
27100
200
22152
23600
29490
16430
17761
19138
12131
18466
31534
13984
24887
31392
4873
19278
20397
26103
30743
17710
3125
16938
32092
31231
26911
23959
10196
19107
13396
15574
24255
25125
2628
29156
30268
26106
21791
28289
18457
31623
19528
21974
20202
18148
2055
4443
30552
18144
32126
11512
7100
12869
30430
15979
24045
14941
23514
23529
21333
22196
24156
26120
14155
32288
24439
10460
6045
28927
8350
6240
12139
30912
5395
11288
25660
16549
26529
7669
6475
11206
2190
4217
19746
19546
22476
24603
13674
24626
16239
9197
19714
30342
21092
8572
2126
8948
17247
14328
9170
25030
18453
1685
16639
4468
15532
21040
17740
9577
7023
28214
12169
30218
7367
11458
22384
20981
4966
6661
19326
13446
22726
1771
16641
17824
24018
9979
19057
1706
13283
17792
18435
20695
8685
21990
18044
2219
6651
25446
16451
10939
8920
9190
29883
5556
2575
12826
18895
13726
29206
13040
27599
29794
4295
27179
8058
5002
12815
589
31324
21321
21226
3003
30042
2747
26767
30492
3467
5485
10215
3842
26441
14880
24900
13516
10120
28362
17488
25803
30567
7646
8260
17827
26117
20685
29786
18164
7318
25549
25732
4922
6326
9945
26206
22770
24828
4089
14945
12031
26579
25283
1370
6219
4229
28962
7707
27313
2713
22870
25457
7451
30559
25916
11862
16615
3529
28368
13415
10896
12412
28144
28312
3466
10791
4963
22566
3949
1044
5401
6605
5718
11005
4020
30012
22154
22048
8520
1222
25437
25749
8543
9050
18259
9440
6721
4277
26500
15043
26482
9686
13893
5974
7547
11698
30980
14169
7917
13866
9588
7112
676
27962
6635
12464
12105
24179
13576
5698
20506
9387
4248
37
1774
25587
25530
7953
32627
8137
20546
18586
18363
16783
8028
20809
4599
25404
12658
19697
17282
12882
9551
10560
29985
32528
31364
22165
18569
19432
13066
29457
14113
28979
14378
11249
15882
10532
1690
18715
2909
6138
26089
5878
4275
9338
12060
8831
7915
13469
26266
31642
28455
8838
11589
29093
15640
32182
19690
32339
22140
27779
25563
21176
17380
16838
29658
15008
28347
6869
22585
18981
26756
6577
26432
2433
14179
3968
17103
4896
19423
11069
7236
22522
998
174
28575
32287
24337
31638
31205
3475
18474
4909
28354
24413
6124
20941
12657
731
13577
1262
5345
3416
30066
10580
26384
2016
9426
26503
19387
28499
21595
13444
10810
31417
22470
27314
12966
7125
5013
28439
15932
28157
156
14028
3846
1833
2239
16558
12984
24393
8445
22359
3288
16860
17582
12109
19489
32190
13832
13688
20266
18241
10216
8666
15427
128
13520
8826
20639
23536
18219
12961
10937
3384
22233
29257
5104
31811
8167
4563
3444
11923
13982
9720
9318
23256
7360
30722
20795
23233
15374
9788
26210
28434
27149
10407
21030
2551
22794
3566
14293
5015
6748
1180
9250
23789
5609
1165
24776
13523
6892
11426
11120
21344
28149
10425
21461
3956
30769
13277
1318
4753
31723
2745
16044
32493
29267
25171
16300
15301
30334
14071
27279
23539
25007
1904
25408
21187
31957
20607
27862
27395
27476
23685
19059
13401
13064
15235
10091
23258
1415
30532
19113
7383
11943
22489
6479
21242
19521
19526
11421
16018
13108
19323
32532
4652
9644
16774
29915
26723
16036
23814
17249
7417
13993
20707
31812
15398
26081
24124
16242
31791
10061
15009
22670
30011
331
9859
19349
2915
14175
18408
5313
16136
10546
7523
8109
22377
8923
7492
14779
7028
606
21772
947
3293
22130
7460
9900
22894
23176
13518
20528
30366
29704
23131
14747
7012
5342
13215
16068
3149
10037
6818
18399
28109
26242
8856
2722
4306
18885
26899
26279
28063
25356
1912
24850
16600
22584
14511
883
32473
22787
1823
8686
4428
13890
5850
19609
4859
32360
24596
28709
32226
17228
28122
27073
32649
27948
29953
4667
26513
16113
22364
1128
25740
28596
26418
8903
786
32130
32494
8289
8977
7516
16665
4339
22372
27778
5254
17487
25511
18162
12492
28928
19530
26411
20217
29229
11493
13110
21125
7360
18635
23271
32389
28614
2530
11105
2849
9241
25010
15320
12104
24381
16571
22427
29347
3465
6156
18769
23495
10119
6417
27522
20142
26269
10157
8794
12136
11500
12936
8874
7438
9336
26027
10800
22776
22921
27466
3352
11823
21586
12000
15554
27941
30161
22146
11206
20388
7158
26220
13110
22789
20743
17121
23843
1698
2627
1074
14434
25742
14790
20764
6543
23171
14252
13142
27987
17691
18041
6763
32739
12099
14009
198
24009
16365
28131
26379
12775
12294
21635
6574
17593
23720
28568
29886
218
18832
10555
6657
8394
10194
3202
19782
27118
13515
30884
27383
6360
1368
3934
11502
25289
4421
25237
12681
12404
4873
9532
30977
30213
4016
25464
19703
19554
6936
1538
18000
12209
11360
9422
25923
1818
5790
27882
28592
22990
31184
7592
2484
21832
16406
24831
15482
2259
31518
815
24404
31308
13791
19876
5898
30761
3722
2333
24434
19642
11453
27405
21312
13999
26618
29249
9760
19163
12889
30404
1282
9015
7033
28928
20661
32554
32700
15397
26296
14599
14260
22479
27725
13528
23512
27875
20430
11354
28796
6585
29764
31816
3584
18817
15158
22236
22855
6879
24767
32660
24682
6617
24035
29746
12206
20723
17699
9990
12980
30104
19791
11887
13808
13244
32412
3488
7260
23744
13815
31392
7534
32150
29336
17812
8007
8229
8665
17729
301
15343
23881
27853
27195
6641
20220
28357
28759
12234
12326
4453
11109
13856
5608
6163
2234
32320
106
26156
29396
19204
24618
16131
8520
12538
1428
18215
9467
16834
11986
10981
1173
1720
10213
3598
32051
3796
12533
10491
15197
5070
7909
14029
8247
31365
27179
6393
26363
12961
8159
21509
16038
14711
26897
18828
11250
17454
7264
21384
18309
21792
3528
9425
11368
16515
4284
4832
10938
25673
24693
11481
4774
5956
25225
17353
11154
5006
30655
18475
11161
24616
20258
8370
17212
32225
28500
24130
4436
23418
27173
28991
4939
21767
28260
17419
25996
17048
11254
24266
26680
23065
15908
30825
7195
26743
4153
6366
19422
9733
28749
12465
21886
10781
17500
18875
10237
16906
5531
13614
18775
12069
26123
23253
30903
4159
1102
3485
16619
31295
20922
2389
3861
1036
11948
32178
8612
18862
286
19094
25475
10928
2428
20881
1936
18376
31156
169
30800
954
653
31318
28641
2937
19257
32465
19504
10639
1837
31374
29548
26816
7728
24071
23738
18922
6834
8892
4394
4400
21088
8568
14569
28247
31989
7637
2233
1136
11603
11010
9119
5304
24786
19908
17627
20668
6360
32699
17949
6081
12970
30695
22006
9058
29057
23659
29325
26491
28385
16784
31891
10566
25894
6668
30329
4548
2144
31877
17376
16223
24928
25169
32081
6861
24339
17280
11310
29495
4623
13340
744
9627
18028
26287
25971
21359
28629
14342
22007
27783
7134
10293
6601
4152
24216
25819
10905
2494
28004
18599
18413
27611
23556
29723
15566
4033
12280
25488
11712
31538
15879
9851
760
29158
1564
7150
17098
13869
339
22626
28769
15573
5716
6323
17074
22606
10208
26220
18354
7948
29097
20805
18375
4397
10087
25066
32125
16732
2600
10750
30075
1269
26599
5472
10933
28521
14689
24749
13027
7397
21028
22790
3889
4142
22249
18707
30008
10192
28195
14151
9261
28279
24280
22886
6744
19101
4528
24901
16072
20837
10316
1746
21318
16583
7896
29523
17031
25838
11236
29171
7846
27870
21103
2426
25553
29274
23109
25436
21314
14597
8844
9205
31344
26823
665
6163
14983
18290
11528
23477
25622
13734
18699
24082
15112
29426
13826
26333
30422
27963
11596
200
4859
8034
13917
27975
935
17185
8465
1430
8887
23094
31296
11517
26853
21188
11923
14419
18236
19190
20374
28353
13520
14309
12046
1992
17579
29628
17548
19077
22538
30490
4418
12852
16586
16823
30230
15348
26653
13899
12277
16841
19841
28075
28266
1767
29171
17717
14447
22830
863
11375
4995
27633
23644
30187
8444
20475
11286
12142
9631
11476
23179
17744
12142
8000
31995
29990
19905
24841
28313
21407
3992
7678
24967
27052
15408
6716
31745
11492
31188
3500
21977
22310
22262
22733
27171
24960
27006
30388
20785
9807
30818
20561
22210
28328
25463
21747
16502
28407
15751
31758
22661
30438
19619
5181
4273
22657
25786
899
20857
19095
20587
23766
18832
19043
15384
28382
20877
16491
22332
12282
14308
27817
8190
11140
2325
24041
3334
21590
10275
30834
2447
24716
19272
20456
30653
4748
12519
22641
11569
4932
8386
13079
7644
16819
3437
6510
10512
7083
27139
11382
15581
9173
2071
10946
17306
26869
4589
20954
4034
4719
29930
28383
14850
5643
20554
25197
9615
31477
15377
7109
7869
19976
31812
20268
18382
11083
29784
27534
18439
188
28395
4967
28938
28237
3506
7396
20063
26413
30131
23877
21332
30792
2996
17285
6919
22545
21747
1597
28353
9087
20503
26822
1669
27733
23143
23453
14313
31911
30010
31756
1829
29594
32686
14087
20074
8043
14493
4949
28533
14515
7373
26352
17251
25321
30055
31661
15559
5672
10923
26399
28666
22066
12001
6585
30130
23222
5523
26932
23510
3278
11001
6704
6289
32204
8117
11550
13222
15158
7361
29277
6659
9231
21413
10659
20376
9048
24301
12447
29545
29655
1754
1245
18914
20759
15960
7401
16747
14768
27696
23735
9533
9928
21631
10562
29300
23770
13927
24436
869
14775
29188
12870
1329
9162
19105
13352
27547
32415
6444
4003
22294
18599
744
13117
8482
17973
2146
29853
729
24013
166
28399
2501
2462
21682
8330
20213
589
3883
3024
9296
1780
5199
24406
11305
26219
5675
26950
3859
11718
6414
23041
17398
8222
7229
6664
7778
23445
15080
14108
5924
20372
22877
11428
791
26711
12924
2896
11325
5036
22891
17404
270
759
907
6615
19984
20090
11946
32708
13736
24019
30586
25856
23088
14790
13377
13573
28233
11069
10195
3759
8051
19341
24766
30366
3803
27131
6340
2267
19571
27263
10382
28094
2120
456
25502
5647
28177
29311
28806
619
24323
12240
29015
6633
32237
2343
4189
21502
16768
17207
17673
14750
238
16961
25903
420
11960
10643
22130
19572
13760
5199
29692
17119
11430
19309
31858
7239
21329
7427
7206
20483
3788
14532
26511
30212
22356
13767
23031
6841
19631
9611
11380
2609
25791
22583
6425
22144
26710
13862
24173
7523
12876
21154
5916
20775
25807
7152
14829
2246
2299
19598
22004
6996
19626
440
24329
2713
21134
6960
7801
256
18557
18495
7163
26288
14347
26103
4837
20984
17758
4796
18335
22256
20542
6915
20824
31325
11116
9048
11257
19414
24117
13222
9815
27429
9286
1971
173
31984
8130
18666
20297
21145
29074
5469
30085
18786
11261
30730
19705
9429
21368
13917
19695
26723
25023
5879
17943
29771
32548
1454
1661
27069
26151
14549
31159
6719
9544
15293
6499
1617
13081
635
16849
12108
2199
27372
16124
16528
13754
20215
9663
21470
9291
3090
19781
21763
31990
9224
31938
18615
25248
23289
8544
31428
30715
30370
8317
22379
25431
734
6675
29699
17595
16237
12151
2787
21044
6901
8775
28290
3693
24390
24477
14301
19840
29410
19337
13337
31756
21437
24767
21866
23688
12097
30860
11059
11990
15253
20239
9583
30235
13855
6053
10063
20687
11080
13733
11556
5904
27519
27982
2432
13116
20864
8445
32152
26814
15830
28323
12525
32040
27550
16759
19500
30595
655
11240
15186
27106
2615
7638
23315
31038
8839
19201
5501
6013
9618
21954
12761
9172
5778
4601
23506
25935
556
29766
9689
5038
13301
380
2759
25203
25908
21074
12996
16953
18666
32604
32616
19527
6415
2362
8993
3173
2335
4368
18389
7407
16853
30006
2248
18727
18998
9776
17343
10703
466
18400
1382
28664
4167
29434
5359
21013
28166
10937
25340
20307
27226
23248
24511
15661
21158
29092
31839
21306
7918
27320
23454
10570
18328
23912
30138
23474
10356
25563
13200
18916
5371
28211
17671
9027
468
22022
13996
13877
26525
17938
2714
13689
17127
18988
22685
26555
21890
7034
14743
30053
3324
31970
546
18617
12900
15298
4214
13341
18259
10466
12686
21173
13358
7591
24966
22327
11173
24969
27464
15611
26495
966
11111
3922
8858
32088
31307
15129
29741
12069
399
7822
28753
4215
167
19298
12736
8619
17606
12047
12508
30509
22526
5483
3059
28836
11178
14717
9409
28777
16905
22672
14134
10046
6955
31623
19834
18493
26897
27248
13615
14606
20240
32348
23030
4701
12406
17773
10548
1163
21104
11568
25366
29860
21803
10029
31954
26002
18490
31677
30768
400
24120
16156
21578
22497
942
7359
31631
8897
23862
27880
21262
10652
28897
18551
20210
4990
32471
3843
12360
15819
19773
4905
20489
27440
27484
24868
6996
24281
12287
21406
9467
14308
30492
27334
28737
8470
25271
6563
22754
10445
8964
32168
15444
21814
2508
13448
18509
18624
27921
17484
4741
2769
7413
18850
23997
18615
28888
24696
12288
8929
12225
31433
7721
23119
22527
6583
28837
29255
2576
7387
1402
6730
6849
7129
5000
29766
4247
32311
13071
2829
4206
17775
20338
3334
32096
15682
26171
7970
20456
1616
14174
23570
26695
12006
19138
21432
24615
19991
28413
7899
8063
21774
5472
23326
14518
2722
12083
9011
20491
25899
28737
22348
4660
13972
6808
18898
32325
24242
14218
9306
1748
30676
25079
6357
20059
12700
1487
13062
733
19981
14546
24122
7373
29924
4250
29491
1323
20780
6620
25189
26352
11533
21739
20069
12204
32741
23421
10910
878
8858
5042
12870
10212
7726
5202
19344
10947
18579
7766
11043
18281
9153
20395
19404
20418
13063
29490
3695
7272
15006
4619
5700
18446
7556
10771
13631
14878
19847
11691
31952
17569
416
12476
18125
22880
9859
26360
19117
6728
15732
22370
4854
18707
7516
26896
26360
23077
18972
11567
31932
11956
22049
2633
1848
14892
569
11459
29892
5842
4005
24746
29138
19879
30831
14511
985
21903
510
9839
20626
3506
24039
26616
25959
14115
19718
28297
4905
12736
30926
8858
12801
89
30429
10524
25001
22548
10963
3586
6619
16143
31333
30720
7946
32328
1965
18835
12113
27322
26052
21313
31657
18889
31635
31522
16734
21728
2278
32159
6084
8281
450
11130
17958
27037
13305
18703
13823
4236
27387
29401
21868
16415
1519
11063
32226
2635
13315
30064
13084
31529
19200
8693
20056
26453
27681
12263
27075
31124
27429
26585
8242
17337
11171
5079
29970
22217
26782
30887
30882
9821
6745
29774
31840
15176
28268
26071
27584
31098
1560
16975
7460
32036
28376
31508
12041
21277
2360
6480
17790
4229
20970
12992
15323
3496
16663
7098
7855
18468
13299
31342
506
12367
5268
8044
1949
26067
13316
18278
10766
10139
2709
10807
8016
31475
21108
31525
26659
19946
12417
15971
24440
6395
24414
6106
24103
17389
4294
30506
18148
20984
31009
17643
3696
6441
14677
30008
5132
2312
6878
9070
24115
17527
21025
6961
3976
4829
15101
29360
10254
27780
17316
6698
26263
9792
31145
1202
24191
82
27994
20015
5529
7307
24399
678
15978
8117
27715
27324
25237
558
11043
374
4503
21462
29029
30532
26548
30507
12699
26174
305
6067
10312
7085
11716
24475
19186
6861
30793
12445
11640
15569
22198
25639
20902
4648
5713
22201
5383
26879
22561
17038
12538
7431
12706
11648
264
5240
17853
28198
885
3670
27126
3135
18453
9715
11240
83
16737
12213
19182
5783
11210
21273
31268
30994
32590
1528
32398
9470
8008
19721
32150
20337
15500
26024
4028
32060
7603
15573
27529
21011
16820
22400
15556
23279
4277
4100
31721
22449
3872
19697
22999
18440
18168
5390
5065
16276
23406
9374
17287
17740
31407
26595
32734
16925
8705
32481
24909
17107
26638
11876
16129
4413
16767
25156
14340
26764
29645
9448
23729
18685
10836
12297
3179
11960
25002
31416
23438
12279
7470
26787
5542
18026
6884
32404
12255
18395
31104
16442
16317
21006
1216
6956
18957
11755
7167
811
32284
28126
26376
9127
12582
19327
19752
19077
11793
2158
25223
28704
11611
22145
16311
142
2386
2850
30606
18980
643
8690
7985
13628
10356
21171
7282
10549
14998
15972
11868
17084
5493
30637
25611
16202
50
27262
30146
16878
28211
26356
13367
21837
2329
21372
561
20199
5874
19002
3157
30620
4272
9644
13117
7534
31963
16522
23499
29320
25218
27889
6589
23936
26743
26305
26753
7897
29884
17732
26186
28620
24632
12304
17763
32327
4782
23342
26564
27191
6896
3707
22755
10243
5968
15439
6604
27736
600
27485
29556
1324
14267
30682
17226
17405
17802
28642
30224
23898
23979
3863
9449
24997
31624
7563
2227
13079
4612
13792
14230
7428
21939
13997
24797
28769
30538
25380
31493
18819
25172
30450
6164
25385
21543
12647
21549
6845
24343
7127
4704
2519
11753
3904
31686
22787
7051
15660
29902
12228
29442
16345
31954
26073
27555
30104
11246
22974
13702
11123
17169
4214
10808
23314
596
648
30128
32736
14731
14920
19332
18281
18202
10071
31837
8454
30987
19309
32681
28861
1117
9302
17807
26979
1694
30523
25896
20995
17852
24867
31468
14980
8728
20665
19306
25477
28380
19792
32317
23948
9359
12068
1339
9056
8678
11491
1007
13235
28381
25196
19274
28164
13831
13526
15765
14020
26658
14260
11946
9912
15855
30615
5220
18846
3137
19925
6996
12307
7763
8585
29621
22708
2654
14811
27298
13444
13419
1410
9095
19086
29542
31623
1494
16075
3189
31051
13051
16453
30856
16843
6289
8829
10288
547
29398
9738
14772
32593
21340
13444
21858
20796
2
5024
9251
20213
15907
21404
5202
4156
24077
31966
24782
10310
6837
16600
3662
32189
8617
12846
21237
25609
22341
18459
7207
22990
11050
12561
9882
4277
4332
14495
23728
8816
28939
17560
28420
5880
9765
11634
23362
8217
23145
30188
21821
11825
22863
9715
17979
16949
10630
19655
22163
8436
814
28250
13691
19360
30280
24569
4891
24970
21867
22573
230
20269
14520
13796
11305
28270
11536
17100
9956
31778
25476
29952
13018
1745
29964
29670
17124
15033
3708
25687
9866
12054
6325
16385
5076
6305
12568
15370
862
1367
1601
758
4779
1403
27889
17867
24763
26078
16715
26739
6368
24414
26692
19809
8141
24493
1365
1144
5872
20308
14450
24872
10754
30967
30784
15322
23260
30170
23683
25230
16268
17316
27861
31938
26280
26467
18334
26262
21986
16849
13632
18223
22237
30934
31634
26201
1599
6733
1424
1392
22792
23563
13137
16256
3106
7453
26169
13483
12856
3154
7535
1227
21452
6138
13969
23897
21892
2796
9895
7822
6341
31438
16214
23495
2691
27536
21591
15150
5208
19514
21799
30871
9171
12520
12031
4008
15378
28178
2822
20797
17811
30993
15558
26634
4167
12767
29916
4227
15336
31263
3060
2040
31373
15709
31221
30469
24956
20118
19833
23337
15423
16123
14208
13237
5626
4594
32613
30184
27899
29278
29457
3160
17555
19744
10094
26003
2340
29918
7454
22023
31356
13058
7534
20767
4193
27142
25477
15791
3437
11504
26082
27026
13341
28696
21509
24722
21028
14129
7275
10887
5637
25735
3776
13507
25312
3462
28241
27310
5772
30844
2240
16814
30183
10144
9467
15434
13162
5458
24174
10382
17409
1444
16504
7601
30233
4378
13852
31989
32506
19630
8698
31183
29271
13079
12925
27976
22563
13131
18005
30883
21671
2115
29992
15168
5842
15870
4228
8128
208
1992
12569
1130
16094
19388
9253
17101
16476
1928
19759
23207
18211
29296
20472
17414
282
150
5807
11437
24580
11128
2148
9401
9116
9146
959
32389
18916
20518
29170
26058
22970
15857
1516
29195
15276
26175
31695
14384
5389
27882
27813
8049
22856
15487
2639
32117
1397
9098
22461
15803
14890
22292
12645
6202
10132
32361
14829
6980
32710
11295
32555
3248
25424
26707
27472
26168
31764
12342
22112
28960
14933
3785
19430
17689
26641
13028
22757
11876
1681
9853
30225
16186
10814
2855
25151
4204
18614
32729
283
30023
11551
5105
4633
9914
1724
27512
21422
10683
17853
30888
26303
29926
14940
28331
1626
6503
10789
20902
26532
29467
20373
18422
22034
9202
30695
4282
24540
24216
13099
17297
9903
17492
19096
15781
10403
23088
28963
24552
5484
22874
25169
669
980
24266
25417
