23702
4458
22135
546
24159
31961
21766
2589
26799
28518
24618
31380
13023
19027
32297
645
10887
5418
26488
19293
6897
22364
2515
16314
26830
13608
16780
12149
13863
21438
15652
29920
662
18597
16152
32588
7093
6234
12797
26319
29143
2106
17103
27972
9462
18337
30087
4242
24045
13396
26603
4658
18407
15900
13994
6123
15896
11700
14504
18912
427
21221
1175
4557
3067
24048
29895
24462
20741
26668
7487
5857
1566
28656
26636
2668
16609
19379
19417
10242
620
22642
20672
14882
716
26451
22368
25280
20661
11911
22064
13128
6518
16756
274
1505
11565
21524
3884
31727
