12956
13521
5519
31664
13553
30770
2962
31611
10575
29719
28707
6985
24235
7669
31734
9668
22163
3183
22833
4692
2404
31424
10551
17309
15036
7002
7358
3913
29234
32204
21032
29447
27717
3049
28176
6867
6035
25127
8739
7289
29260
1861
5681
3156
23525
18225
26499
20316
12049
13608
12912
20064
14317
6431
23083
28303
23162
19554
735
29501
32081
18811
29182
11492
3218
29525
18646
6505
10526
22433
19813
22945
22534
28793
13678
8212
17987
10563
10188
32001
29863
10969
26631
11170
24595
13031
24613
17584
31211
31380
31938
31274
1223
28772
3939
16467
10603
18780
11016
2042
22522
11624
12032
28157
18790
763
29697
1040
13611
7669
20344
5819
3901
21961
24862
5282
25150
18143
24268
31497
6645
17207
21136
27543
20988
13904
32512
20314
31928
72
24014
11020
30350
3140
27805
2197
22868
9746
15379
6608
9222
21261
30000
30866
2747
12865
18654
10217
727
10192
32201
15009
24449
22421
4208
17165
4696
13062
6525
28676
25697
7775
28241
31529
15172
28925
12260
19567
16057
21767
15308
30429
29245
19028
13211
29327
5897
20617
3694
14334
27204
31874
26819
8321
4984
31988
1675
12307
22339
21072
15233
11350
25167
15850
11705
9432
16515
11354
9852
20629
21627
7970
25939
25790
25398
22930
10594
18617
2063
21737
25847
19305
9455
16317
20323
15791
8896
3229
18697
5681
5669
21492
17844
602
7272
3376
12590
2210
1204
25380
526
8207
6532
10155
28369
24827
7771
10895
31020
13081
21942
30633
17313
7347
9022
16457
25937
5941
7747
29656
12305
3311
10342
19387
7359
25623
23701
20091
20951
15117
27197
3619
30785
14819
12474
9706
21101
7453
12051
15122
18850
23989
7140
1296
26003
6755
14747
8429
25140
9755
15079
13292
22475
24534
19310
8557
10570
14229
4287
22545
11484
1187
14215
31263
17086
4379
24839
25895
20048
32427
1221
23781
17772
26775
6786
23911
18934
26369
8301
22642
436
22375
20886
25123
8288
3693
8357
4306
22524
22237
19148
5179
9062
25068
5882
18400
7980
3263
5458
17577
25761
7981
29403
13774
6961
26567
13689
29942
13297
22805
29724
12705
890
3107
24375
10179
11768
19516
11636
10673
6526
4086
16550
321
23197
879
5886
27693
20276
2005
23683
14265
23433
19500
12476
16278
32153
25419
29871
21509
10925
31528
13584
19264
11054
6486
1202
16917
26810
204
23361
20436
25207
9448
19507
12651
15272
19892
10748
12240
6270
20839
27009
17823
15664
1839
22992
18437
9038
22317
1038
5852
31058
3009
18352
6167
16504
18441
1775
609
31951
18340
30581
15105
11152
19388
27485
19201
29615
22851
9818
12175
17585
11388
4918
2467
22461
1470
28031
28898
18165
13173
13181
28099
12039
32105
29798
24304
3838
21827
20181
19951
23135
28749
13177
30465
29041
11897
16394
2122
29660
29349
18050
23603
8565
20509
21641
13069
15705
12641
20273
12279
10041
23593
30435
7425
7924
30375
26522
14993
26219
29196
26958
7686
13713
32333
9396
25500
13505
27431
4132
14223
29013
6753
10458
31364
116
26449
19554
1316
17451
10145
17998
20234
1727
10579
26154
31967
24642
20995
12722
6595
6757
17260
1858
32751
1677
10542
17549
13465
31273
5071
17810
15128
25922
1279
20428
9033
14163
4384
15785
22321
1628
14853
32318
27620
11314
26362
15673
31141
19993
7685
18199
16206
660
25196
32151
5363
2428
23671
28782
29122
19024
11895
28220
2349
3276
6919
8639
17228
8125
24722
3910
5244
25107
28182
1641
30797
25144
21799
23544
5019
1952
7478
49
16890
31394
23571
17718
4696
16006
14257
27070
30429
12767
13610
15370
11286
26907
30978
26907
6995
5976
23728
19490
15437
31097
32090
21048
14860
30585
10209
17999
24328
28672
17949
6504
3215
25140
12650
31495
16742
27090
3683
21988
29619
16765
5613
1252
16922
16214
28536
21575
16423
32716
129
8995
25068
12982
21851
14609
19179
16031
1840
9254
1078
11872
17219
13093
24020
7413
22391
24562
32615
5001
26645
15946
27660
3539
13002
17074
32131
6309
751
30125
6800
16066
15117
26418
11424
14321
6049
30301
6320
3663
3868
16741
16235
11753
29486
20942
18578
4746
14148
22752
15777
2002
80
4183
14256
12168
25032
4956
9367
16945
27633
17332
26453
15842
28509
3896
22451
30546
6578
10629
25892
16691
20398
3572
24816
7619
26728
24013
13201
11934
11737
28343
349
22230
18074
7539
614
17221
27887
14538
4511
19746
5893
6340
14144
27347
29816
13851
12907
8962
25880
21999
17935
13811
19693
7611
19725
28949
27001
9096
22937
24791
3132
20065
25571
21692
24190
6918
19447
27058
4680
6373
13026
3744
9396
13125
28439
14142
5478
6853
8209
12585
14171
25349
9529
20279
32482
10403
31753
24327
28903
21353
18802
7389
6007
18628
4731
6573
8065
8824
26668
18294
986
15763
2730
8146
27012
13727
18339
6346
4400
8220
6124
23534
513
7214
16489
29606
20883
2706
31278
25283
11580
470
26083
23129
2194
21194
20077
465
5421
12594
32459
1338
26542
21693
12093
24032
28159
9787
19884
2336
6877
19722
9542
8570
27284
12497
10601
3560
9482
17265
26562
15214
255
10041
26038
5363
3219
1370
27904
11599
32521
10394
2972
20389
22474
12364
19172
27123
28333
28543
25082
1511
22901
19574
26469
17397
19100
13400
17919
3238
19791
30505
30990
27699
697
8185
21425
19538
17540
7515
22398
80
20637
19993
24169
22368
25144
17958
7143
10547
23573
24532
14676
4296
26625
27975
4498
18822
12191
7722
20468
25224
4712
28064
30298
15416
31985
11390
3741
1055
17772
31671
2861
8955
12658
19224
6904
20754
2304
12341
29838
17607
23231
10659
23683
12139
21896
8807
27413
31829
23335
18863
21775
1589
12383
4800
15342
13989
28207
28976
18753
17409
6228
9557
6486
377
32015
11517
14610
30052
16936
11359
15137
10711
17203
25426
10320
27511
9490
701
20278
27275
17083
30287
14106
29270
22332
30320
14865
10915
2300
30327
2663
6049
14915
17181
10048
19441
17148
25905
1151
254
30650
7310
27111
2445
8698
1867
19840
21141
19880
18737
11581
26192
4068
18290
11227
9618
11013
19607
29964
11098
13278
10427
11477
3750
7233
8695
28213
30348
18114
18717
7431
13447
1981
1705
3881
22799
14235
29684
20702
30316
14928
21675
2161
1483
8232
17536
15644
8850
17348
27935
1319
4081
2399
22628
24404
15545
9047
13003
15227
14706
32744
4648
30322
21672
17466
5272
19759
20869
30878
27575
2865
27813
18964
10259
30748
8997
1298
22753
18595
28669
11648
21487
5802
29584
22535
14810
9388
14722
10379
2689
28763
4298
6646
23993
22663
10760
29496
5187
23105
28696
3468
5371
10560
20199
20476
27217
10116
23685
1063
21501
56
6268
26690
8431
27101
13665
8797
25989
21413
8360
30951
25089
541
15548
29813
11578
24335
336
20159
30610
167
30191
21227
31271
11220
15067
4879
26190
22001
5140
5873
26941
27045
10935
26641
6151
21256
30857
7913
22478
5895
4564
21875
5683
31241
16754
8940
26130
31187
11047
1240
21613
7848
26676
22854
2469
26549
21032
20053
2800
22189
28666
27383
12295
24241
14677
5365
8479
14962
9267
14387
28955
28057
12461
29494
10240
30055
26385
27875
20905
27800
31798
14217
25788
9870
4108
25890
5596
1451
14967
12502
27424
4351
23134
25025
9156
3363
23295
19190
18463
7268
25477
3268
30165
10788
9436
31544
15438
9598
14788
19938
7527
20265
19748
31964
1639
7839
31393
28425
21812
638
7536
23963
15815
46
360
4312
9181
30404
10844
23069
15599
2342
9639
28451
3685
29552
6664
2689
7175
20375
2481
30066
23220
3405
31386
24281
15190
8484
31003
9090
25109
12021
10426
27563
24011
13187
22338
16835
29624
29020
17941
1649
21368
9472
7618
26072
18225
17477
16346
12826
13329
19706
27392
18202
32504
26315
25920
23431
10609
23652
8354
25366
15079
12250
3582
26126
18966
20038
4625
29194
15039
9907
20689
2042
928
10298
17150
11116
4259
27499
18938
30474
5462
2799
13786
23139
25499
28524
29117
25838
6817
4777
19036
16971
16914
32243
739
19405
9614
1983
11264
21302
1113
5264
28985
2753
26960
24347
20610
11878
16162
2985
28687
21081
29884
2750
1639
31444
17925
3832
2234
24854
31948
6713
4980
2476
15870
26121
16658
4079
14109
11061
25396
19150
16365
3260
20980
11981
17521
10732
17783
4430
2837
7113
28097
12559
11053
25006
15566
10229
18334
311
5854
10760
25051
23901
23824
13758
22804
2275
1586
6524
27050
6130
14808
29274
16613
13568
8619
2087
30953
31990
25860
10925
4326
26257
698
29749
13712
14600
32056
5454
28111
22000
3282
3531
32695
23133
19545
30475
8634
23371
5100
17277
19484
16700
30226
5986
16040
1826
4870
7893
3746
24702
13906
1289
20732
2762
29343
28883
13516
19989
12236
10856
8702
28909
24381
20071
12358
9089
19062
12826
2649
9735
12264
23801
4445
11868
8714
15215
21662
20714
23724
28385
12674
28879
1161
24301
12223
31548
1307
28655
28107
29210
179
714
12693
2548
1736
8677
29042
24337
1167
32627
26970
1504
9165
10488
4180
31386
3050
5128
559
13346
14662
26706
12659
24112
24272
10974
30103
32430
1492
11923
18804
2658
24596
28156
19962
11470
27
12876
25890
18260
27598
11167
31011
27550
15684
24194
17385
21821
17879
2742
10947
9872
26491
28465
604
27880
6223
3942
20204
12265
17522
24006
21679
4148
536
28551
3223
14659
19421
7588
20798
10899
13657
14117
22558
7177
19956
10400
19204
399
9723
15616
5570
29182
10740
23429
15396
30016
18479
26380
19494
32182
5278
8849
16484
4311
24294
16114
26322
25370
28342
30197
8109
27414
23128
22157
2226
12264
11142
9817
26765
22230
18046
31854
28308
13362
18265
31062
6837
25472
18840
16472
25005
10971
19968
5626
24955
11668
12968
18373
14869
12829
29008
16712
24153
32549
6132
29280
28998
5125
12193
27318
876
16475
1416
20104
17569
24308
2641
2221
32246
14320
15281
24019
26602
20000
19519
17676
12509
7091
32131
10633
18375
530
24656
31140
16169
28936
28500
10020
23620
2342
14318
31933
9866
15718
1343
27863
2898
14350
16772
15761
27087
1751
419
13828
6979
21071
28419
12492
19312
9340
929
14277
13647
706
19553
3346
6149
24326
9634
17764
30739
9236
9748
22392
205
24894
11214
17634
6669
22854
16283
16394
1576
30847
17045
29556
7201
30254
6646
20036
29213
9526
19754
31233
3095
14325
18985
23961
25301
31593
17411
20901
22299
19863
24508
27119
25886
21293
9051
30769
11323
12390
23358
11296
7913
18734
27056
29865
28397
19591
13502
1659
2509
3883
9798
11205
14726
31090
29264
16705
15745
3191
6049
1137
28612
17014
20110
5929
19046
20089
23055
23629
24901
32564
28436
4572
9211
18733
9756
19501
31757
15392
11011
13945
7014
26529
7963
15514
3844
29443
24959
530
27122
27769
12708
19023
7286
4987
24625
13870
19339
8811
529
31421
15505
23417
22982
30021
10564
23748
27392
16520
4075
32705
27758
12103
21457
18401
3028
20487
16889
9326
14430
24085
19982
2486
26420
17352
7065
9580
1614
4614
10103
12875
4490
4361
9609
12028
32251
20067
26285
31802
28548
19520
23277
9780
27814
13804
1015
23859
1175
15765
27597
24956
7060
1873
29630
26232
20855
17763
3989
12562
13964
27066
16656
30049
17057
4282
26516
14215
16988
2367
14366
13273
11986
7647
29053
4672
9044
880
8383
26846
25996
4298
2537
20981
13258
9166
2283
6405
19864
22440
32466
17205
27284
28752
8000
30452
4991
8023
12825
1760
4497
1504
7552
9191
26639
6125
19458
31404
3104
17628
17168
16428
20189
2353
32179
29089
11687
19861
24443
19367
31933
14111
21433
15517
8205
19667
27885
22094
17995
5736
6274
720
23105
6223
15033
173
7782
20720
18148
27201
9905
6967
10196
19555
9391
6735
3220
4168
14804
4781
27992
15523
17423
21585
23728
21009
22688
6728
30977
18101
24878
886
4662
25887
3860
2194
22451
4723
6397
4978
8842
16327
30384
7049
12274
2764
3885
27566
24565
20913
3320
29982
19560
15940
19637
21445
19488
3163
6645
26553
13923
3954
11856
10248
31389
15253
9908
4787
24660
13697
25340
24058
862
11782
964
20186
24658
3247
31356
22741
1340
11685
24508
27377
14997
14033
983
3587
14450
18497
28083
14381
15355
3021
15320
31142
4383
26618
7110
26297
25734
23070
19340
25361
29127
15301
22934
12851
25052
30548
5831
29004
28115
28652
28360
24109
6597
8337
6815
3988
7180
13964
24963
685
17585
11021
23534
8664
31012
8213
27893
10413
6192
1171
26069
2365
23085
17358
1998
13979
376
1026
22580
30876
28448
14414
31427
11482
28642
2509
1587
6399
21848
23556
1804
12864
12141
28796
9404
32295
14868
28079
7398
28822
21306
19753
2302
27401
3320
29927
8723
16667
12302
3
30443
26188
17037
31379
18517
10497
26323
5326
32699
7884
9916
4464
29687
9710
32535
29536
28775
8218
16215
11920
12868
19068
4491
24613
20527
22266
16017
20953
16397
10938
646
19613
28437
26084
1408
32386
8231
6313
19584
30681
1120
18820
13986
921
16875
12479
23191
24322
23834
19770
22613
5248
14261
13928
29453
32210
6802
20378
1886
12651
32101
16512
12744
24345
218
22252
14691
24548
20193
13786
4817
32057
21833
30126
3953
13128
3729
6588
3285
29354
19707
32525
14455
9543
15329
10336
15271
31351
2892
2928
25544
15975
31171
17269
6844
16575
12385
19693
17309
3713
9515
11932
20398
820
30624
13266
8081
30019
31633
7148
1210
416
26162
25373
30499
15020
20850
2159
21313
15963
2440
29956
13368
30611
22734
26786
15947
3798
17875
3951
28054
20001
30635
9464
15615
31764
13450
18552
14698
29266
11922
26200
21804
29483
4840
23282
4034
633
3853
12954
17860
17863
16492
10975
15636
12217
16943
22798
16731
31400
19799
6648
25782
13964
7948
12021
14508
28191
6449
11305
4964
10047
20796
7174
13588
17044
325
31762
25021
32372
3932
30443
17174
8451
7968
32648
9925
3487
24974
12737
27861
18811
5910
7186
14949
13193
30708
22172
17565
29598
30397
2924
18407
25809
4408
21504
32603
32548
9072
4103
12410
1126
28935
6505
7968
29783
22733
31111
32180
3086
26257
964
11682
21656
14136
31044
25611
1250
25356
6644
1723
15064
25174
18122
21851
20431
8238
6478
13031
19488
12178
5209
9059
15894
22198
21020
20938
30731
25755
21349
12872
31181
1251
21534
5288
2375
1508
18710
15120
15965
17659
27397
18668
1559
13602
29386
7720
24834
13253
27382
29346
24787
8146
14990
17887
10574
26384
19725
30461
30822
32177
31657
6376
31142
29738
7127
22225
26831
8002
22289
31964
18371
1641
12247
31001
11169
3148
22516
26806
25906
1446
15362
1395
2180
12889
26672
1877
6100
19645
10819
20127
21937
9016
5339
27134
607
28687
18424
19716
2170
25467
8892
19159
23771
5120
17011
10539
5568
18682
29392
24429
32038
21369
29561
22081
8826
26958
14023
15151
12145
13926
32198
15513
1077
6231
30084
16881
24257
14393
14728
29737
4494
30391
24480
10858
3439
24165
28896
3848
17081
4181
29671
4278
7592
24293
27748
29686
8702
2778
29657
6356
27117
22195
20383
18644
3127
25655
10283
8489
11668
4177
17807
27943
16724
16669
30019
1275
15685
23107
32038
1178
17623
19332
16320
28407
3966
28050
30154
4473
3672
8485
8432
15276
5392
25675
7125
7991
2562
20991
27480
27662
24992
16382
13590
31976
26900
28374
32559
10228
9255
64
7502
1991
16993
10159
28387
20633
28529
18729
21171
1458
720
31318
29587
8991
21154
6615
21104
4009
11741
28888
12691
27400
16812
4841
17699
3155
28182
28681
19692
17595
19931
19716
31582
14969
30110
5632
19929
28677
11849
16210
14888
19337
11950
10390
21835
12949
6250
13822
22393
3604
15375
5098
8549
19071
26754
22713
9921
10320
18849
30943
25088
28858
6697
16696
13665
25239
11479
19357
23849
27554
4302
8628
22319
486
21817
524
25502
12662
12337
31593
759
12895
3297
21084
5461
6875
17640
25879
32501
455
2302
384
30197
9559
15579
24964
23900
27145
19029
16814
20827
17879
12232
17912
18643
27569
19898
8417
28694
19242
14271
12479
8434
14450
3227
1879
7148
20612
6567
4011
26313
28064
19830
17939
29779
16380
15799
13967
31065
24247
17501
13660
4856
25870
30718
1477
8729
28626
889
25404
59
3865
8412
8361
29043
53
15237
20994
30640
17378
32135
13340
27460
25795
19535
18113
31904
528
30855
19714
863
29321
9530
10190
16007
5038
10809
16068
27147
6449
30142
27462
19860
28844
12624
6607
10368
3472
11750
5510
7979
12637
23375
12819
3438
1049
20177
18353
25190
4347
7441
13700
26999
31591
2866
24110
9360
31
23361
21149
7088
5815
14289
7974
17833
18249
738
28376
28196
2155
3080
30986
15589
14686
29129
27959
16976
3208
12870
20748
11564
30244
12062
1214
3496
29497
10383
24993
18843
15560
29662
9975
9744
15178
28921
10501
2562
20058
860
30317
24164
15534
4657
26551
12133
24651
21435
19761
29425
25337
26612
12025
6267
7925
1653
21336
17914
30695
17303
32593
26161
16403
12504
9594
27700
32211
23680
30475
28712
9541
29828
2869
2378
6721
4266
4277
2355
3726
26606
15784
31834
4181
29988
29089
5082
23765
20192
15865
23669
19289
13971
18534
26329
25703
8950
15311
17699
31035
18860
15199
418
20340
27683
3033
29405
13580
27579
26411
4311
4237
26922
11845
12177
16770
29471
27947
17105
25900
2085
25929
3874
21367
28618
4616
27676
26668
12033
23454
31717
27752
7110
27690
31736
13389
21504
23296
4901
17655
7083
8769
16601
5810
26166
4784
20896
18282
3882
14784
31976
20835
1549
28146
4104
6698
29062
30045
19073
28107
3522
31374
20355
14916
18965
17299
20659
7994
27109
24403
22059
9707
11460
15649
18370
13668
16860
25232
7054
5875
2704
13192
19880
7904
28768
153
1327
19800
21005
20368
2704
31658
19454
4680
29444
27062
24547
16323
9562
16289
16280
889
7158
22478
16204
30448
2074
25866
13026
6541
14948
18695
14999
31402
29848
12044
17126
18921
2208
16106
15273
16839
26833
31794
19072
8308
3440
9637
31862
8930
21365
10476
15074
13851
14478
32394
1932
21209
6247
526
17425
14160
20265
6797
2185
29519
25921
18255
19814
31367
10338
25801
27807
12586
21965
15819
15887
9913
14800
15611
21272
29463
26764
21122
5515
27105
29692
25093
19916
6146
17203
19671
21553
16257
28389
27757
29100
17822
18217
4370
13226
18206
26237
22747
14138
18147
30219
29406
12146
10943
1835
8863
11022
31370
9768
6091
23899
5490
2631
28201
28244
20883
1797
27085
5642
14792
8865
17295
1865
24000
30170
6587
28024
26708
14586
22794
449
28695
8723
12753
31602
13871
30857
28025
24483
18276
464
14383
29722
13175
11127
13020
22891
20149
5734
24920
4195
12747
26468
18651
28327
27612
220
21172
18073
6865
2528
18237
18043
24049
26222
29966
21207
22193
1266
22641
24606
11213
9485
22294
3983
17047
31637
25608
4954
8847
22493
8160
7686
14133
11830
18745
24848
25627
11189
4451
24277
7998
14135
10588
5041
1430
931
6907
14953
7660
5999
17007
12230
15852
28006
31720
14723
17787
4776
22932
13418
9291
26098
30157
28089
23980
23583
13713
11210
32421
28143
3890
10739
14915
4872
10574
2988
8241
28218
26114
2799
8585
3847
11867
26085
22506
27747
4621
20414
17099
31928
3944
26848
28430
3885
6023
581
15576
18984
8907
12318
14241
29457
27016
28605
13447
25434
5373
25777
10984
20156
31882
28979
31535
16067
17181
11713
6126
26508
26862
1032
17710
14798
9580
28935
25091
22039
7542
12914
28771
17752
18895
25428
20279
6820
8652
19449
23219
25141
24144
26891
26339
432
26874
28155
18567
28073
19357
18082
24609
22634
13297
23593
23372
15856
24456
8486
8271
28983
1027
10503
6130
3768
1925
20148
18833
30767
7528
11888
32110
15777
6959
30464
22859
6046
6588
22032
11065
22212
14020
978
22187
27780
2687
12776
6094
28969
9636
24964
4381
19221
11156
25806
22320
23374
23765
3974
28372
21306
9667
23274
29025
6055
1410
218
19272
21774
24887
21050
18668
10521
6008
19608
26035
1378
26625
13070
4444
12158
936
11882
24467
570
22675
14477
21954
21540
28328
22289
19243
10062
26693
26927
3892
1614
31537
3295
18945
12937
30163
24384
19272
1970
9378
7227
15201
14477
11229
24931
25245
18681
10620
6176
31449
26925
13158
19213
16211
5698
1508
27294
11964
9202
30294
17670
13198
5023
32293
13656
9887
23702
29176
19948
24567
2454
14635
516
18910
20364
6525
4783
10810
417
27400
17134
5656
1654
18551
5910
17289
12974
3955
9077
11695
11438
17758
11832
16151
15776
13380
10380
30281
13246
21518
17156
14494
14797
21497
8507
18258
18407
22599
28858
2778
4478
16437
26396
10360
5278
2092
27504
5644
11890
7227
28382
8237
22794
11973
14478
5752
30299
26487
10437
4648
19592
32381
14161
2792
5984
6134
12584
11749
21287
29605
31052
11046
9369
17641
20721
27936
556
18159
27362
28293
662
24870
20001
8798
29839
28659
19405
8793
9176
1447
3145
5988
28540
14254
30619
4218
5462
19464
32018
15293
22227
23294
32300
13766
23289
14605
24758
25401
29096
15655
3125
2204
7200
14107
22149
5225
32452
10833
9152
20321
8222
8378
15714
26404
6434
10759
9386
1791
6839
23321
25667
29445
27763
25017
9507
22881
18598
138
2740
19946
14747
1851
6705
9208
23578
6913
12627
6774
11057
25413
20526
3641
14645
28314
14933
9872
31235
25585
13125
12317
651
21520
23041
6627
24976
16192
26617
18591
30121
9030
22320
13404
25740
9621
13214
1090
6027
11714
7124
7343
24927
1080
13534
21385
12581
18733
5485
16082
30374
22485
27702
20860
7131
27093
26005
14975
14257
3834
5238
14890
24073
19755
25205
25014
12547
31900
19268
28961
6012
13381
26445
18234
15573
23187
2457
6136
15862
11869
29937
23823
10131
23577
27715
13509
10670
29520
8775
8962
9310
20559
19553
26791
29134
20000
23754
25889
4488
21688
10219
13886
6388
6002
30985
2623
3355
6076
23079
22574
2481
16400
4904
29298
22867
11047
9269
10144
25357
27497
16222
26004
4383
26279
1412
4801
5377
6668
2678
4549
11428
23121
25690
9024
19707
25649
19023
6631
21946
20765
1616
5332
12894
17456
15963
13344
3181
25445
22739
31668
29439
28936
36
22620
7037
6506
2469
31518
8105
18649
17346
32457
23774
7631
28506
3024
22681
19306
26726
28249
20025
28
16860
21138
18947
9380
22739
6980
30057
1853
8935
1706
30860
18197
15327
5507
5375
5120
30349
26726
24014
5742
29942
1878
12479
5019
2995
18326
21719
8709
29847
17342
25120
547
5266
6671
22186
28500
22741
25860
31952
32022
28471
8745
1724
21624
24024
31536
814
26066
15876
9538
3960
25267
7770
19091
27342
5147
20525
12857
20156
24810
9258
6718
12536
6297
23099
30708
21082
22056
18604
4744
16169
3927
32397
11226
9368
9241
25943
11148
8080
582
9682
90
26800
12688
21557
11177
403
23480
10127
11106
18257
9474
16487
13824
3656
26854
17055
31976
11036
12040
18079
26873
3324
27754
26031
1381
19751
25824
26019
3263
22447
16581
18366
19541
4477
10989
16081
20927
8086
2778
20643
5816
13213
12083
9877
7981
408
31857
20870
15764
17143
29660
1269
29055
27346
9910
3429
5233
28530
27062
1542
18672
19731
23736
4497
24539
9704
6834
6772
10238
9056
9706
24111
23524
31912
25702
18430
8684
18033
16548
24248
21151
28659
17036
18935
31041
4401
13475
12921
17062
28287
10625
454
20040
21826
30085
17683
5526
13816
28871
14183
23950
8056
5454
14076
26253
32634
19844
10728
20070
19545
1766
5628
22706
31768
23808
28653
4456
27812
28825
26033
32174
8536
16171
10284
20206
31174
3734
30732
19499
17845
16660
31218
26006
23142
9584
5586
9820
3356
6003
26012
30915
14042
1184
30492
28789
9583
10529
25887
3867
7600
6400
3031
14126
21253
27034
23680
16650
30759
3921
5188
26181
19751
17282
23132
30526
20147
1719
2425
3833
27285
4893
10338
14634
23932
21304
21982
16015
7679
12501
11220
2947
30943
20544
23985
25809
17036
3000
5642
24262
16875
17184
22403
19082
14423
21495
25839
3504
10982
19850
29880
6155
20717
13672
13185
27587
19398
28695
23051
27561
3024
8709
23125
25544
1720
7361
26632
60
8951
11371
24593
9800
31900
22890
21392
25506
26444
29276
14833
26641
20871
29267
3672
15674
27948
5950
23619
12471
16704
15525
32619
9322
2283
20122
6891
14609
963
26860
2979
1818
6990
30365
23007
22968
449
26006
28212
8246
11790
17050
3499
2444
22814
20857
24866
32304
24667
30086
3054
27694
12658
32330
5573
6523
9047
11386
11228
28806
24713
807
32076
31505
18071
14645
14010
32575
24291
24334
24887
29422
21670
3223
10341
14662
3124
11108
19419
24210
16258
12584
16331
17999
17381
24175
16610
32643
23836
21903
24432
13137
16785
7643
17865
25033
13276
26395
15851
24837
21897
8505
14945
21105
5915
15421
26215
618
26960
9339
334
26123
5031
20235
2338
11075
21536
27258
30859
3883
11331
1983
7153
28311
32611
20337
16867
17644
26148
5943
19130
3377
23355
27519
23417
14696
9589
24947
14328
13342
8955
17704
2114
8257
22996
30745
3387
19250
29099
5077
2182
1307
31443
9460
23461
21379
9864
4687
8802
12831
21624
1137
19566
21995
6530
24904
31305
9850
9149
12320
8545
24970
8124
31187
15230
7388
784
31033
1373
6723
24591
12262
4251
8698
9940
13077
11478
22330
30599
17631
27662
15116
27103
3505
18001
20829
28132
2556
8343
7248
10746
46
15083
25048
31259
4834
18891
28549
29796
17235
16082
20638
5843
30743
1172
10865
591
23562
12746
13031
26344
10632
30639
30043
1377
13791
20393
22956
27115
20739
11308
8593
17460
19844
12507
20525
160
17598
13809
12260
1750
27472
6880
27244
16767
2511
11320
26407
21322
28091
8393
25520
7476
26289
29196
31412
31238
9187
5055
3331
21279
1478
20176
16614
29299
14346
17276
2996
13780
10191
22200
31136
1905
10774
3792
10197
16284
26229
9038
9413
21456
23056
17437
10941
30450
1732
23534
26813
3799
8869
20955
19848
8967
23467
3658
2295
10432
936
18197
14226
20542
14461
22248
27745
14138
23694
9194
3328
9393
29555
22943
13298
12774
14065
31245
3383
1194
30760
2589
24865
32475
8461
23877
16739
1835
27163
17508
3179
20258
6214
9197
15090
14951
22321
13640
11217
19259
928
30581
25110
14406
31280
4851
26967
3990
15942
13536
21574
2789
3397
9569
2438
31002
12804
7492
21181
24851
11391
7908
25067
16802
460
22093
16634
4821
18513
17569
24470
27771
17461
15035
13118
30179
10260
26385
7579
743
19959
31455
3345
553
31875
10882
2965
8349
3184
3361
12222
17992
573
8083
9246
20551
28706
28285
14546
11282
13383
11195
13144
14338
26419
13058
20641
3345
3719
16835
11623
5602
26604
26194
2241
5889
24650
27207
5365
3179
2875
15397
19085
81
11967
7225
29101
16153
14129
4293
21923
3238
10105
25950
22208
16089
22916
14739
20070
24919
8945
25295
31075
18061
12813
9601
23677
10738
14082
2425
22350
18316
11595
19861
22867
3254
22891
16030
27967
17952
20191
30061
3733
28439
4689
16466
32117
1543
11278
15286
1206
2622
16058
24062
26166
1778
30275
31411
24942
20358
25363
224
2122
20745
5514
30908
22071
7424
3499
1161
15741
4453
21269
26812
7887
16879
18741
24414
24352
1684
5051
15026
4025
21325
8010
6936
23689
15641
8820
15409
13500
20548
10981
7492
24975
7145
2782
2273
32610
5814
15078
16324
3342
16623
956
19195
1402
10165
1167
14668
14185
11657
26993
19409
20374
15372
26122
21989
18691
17160
18569
21572
14222
10420
14560
32621
8389
3892
30769
23883
22267
4960
13443
5653
2716
26822
17594
4211
1469
30450
24774
6370
17911
23533
10778
6233
26742
30723
6240
7725
7245
26313
7787
16690
3852
2399
7021
7203
1941
1523
27754
26947
9003
24710
12780
325
26828
4339
7673
16745
9921
14893
24130
7401
20083
26312
30365
23955
17024
28347
8117
22455
19214
27236
32256
5443
9312
22220
17650
15405
23463
20269
6769
13329
28186
32689
20104
20252
24136
13693
15199
31272
13229
12270
24939
14376
6276
5922
5090
27847
2525
15291
18802
14924
19951
991
25906
30401
9391
10627
3033
31828
26274
11754
22830
22781
1519
9832
2495
8545
9656
18028
27862
27383
15274
19134
12969
12649
28627
10756
27345
11069
11956
11915
18173
20916
8600
23876
30184
8178
292
19981
10888
19808
30254
22834
9097
1871
31955
15924
18169
28126
32195
10185
9797
22557
4576
12579
32356
9074
9224
20597
2130
4668
25902
19124
11712
32183
18096
5275
30218
24352
28388
17649
16233
29721
23540
31758
6250
590
10477
25756
19870
32345
10514
12699
32659
6627
19830
15783
21764
32012
2250
12158
7501
12045
9587
18365
30497
29212
16864
15338
20351
5777
26394
17079
19682
2374
28060
13701
31417
8515
9318
27432
18710
28827
28237
12266
13482
7313
18837
32466
10993
255
30145
24614
32426
8953
11178
4398
138
13997
7119
22843
4145
15501
9964
12264
14685
31153
1230
6304
12638
20342
19813
22368
18634
13932
6171
25278
9585
24687
9572
14123
22675
17939
18070
28533
9553
9030
30716
18064
2914
10032
24869
26261
27143
23390
12162
10507
20289
1568
32561
11366
18241
3119
17939
25293
16416
5523
29988
32288
21968
31172
17420
23866
6739
14096
23281
24179
11818
31036
20112
15209
15633
29550
8844
20993
13033
4427
17925
32424
15606
17244
15981
27615
27466
27318
29847
31478
1665
10202
22545
10775
28079
4314
19636
7047
4247
4797
5753
8745
23070
549
14223
30532
7935
7983
29866
32133
25791
4251
29597
13640
5348
6701
10283
17939
28770
4690
794
16739
22358
23303
6026
684
14582
25079
10885
20635
16328
27619
24791
9118
3603
12103
32544
13734
7828
571
28711
16172
7537
8087
1393
1394
19827
18266
9747
7691
19823
15949
24516
2973
20997
28899
3638
6118
10125
15716
3239
3837
4175
10570
9651
16346
21234
1516
13676
26137
3384
18521
12716
24827
7912
6279
3242
23470
16651
23469
9676
19150
7514
15853
15548
25387
31224
32566
6846
28109
19805
1897
26177
7477
20114
1466
21683
18406
21924
8026
11930
11300
8275
29011
23009
8444
20234
27059
24175
22660
11796
15340
6399
5988
7948
29819
4139
1429
13973
28616
8137
31849
25164
14413
28283
30156
11003
4091
24962
201
26384
10457
723
24400
29005
20719
3437
12598
14272
5474
5097
20605
14070
8416
30035
17110
13676
22846
5176
25700
21318
96
1024
12227
16963
23642
8318
18249
14833
10964
17350
9099
31773
25523
3647
2851
32142
3830
29945
14257
1779
12765
2624
19488
25113
5969
13425
43
26465
30592
18188
9503
32626
17096
12811
26594
27947
5078
15218
29748
29659
3343
30504
23861
11701
9518
28933
28455
9854
10031
15660
20086
3721
26989
25243
2037
6629
7
21504
30315
24533
28295
27342
8526
20096
7366
6289
30926
1770
4874
17023
4886
13603
16754
31567
20174
14527
22164
3918
32484
12677
26980
5807
908
17516
31320
546
29829
11459
4041
21929
16542
28079
29085
1447
26234
14298
18467
10810
10896
22378
8766
31947
28277
15920
9926
21476
3422
32290
29995
4417
25057
18444
31067
13865
22779
17026
14054
4607
13911
19737
20320
16148
28109
983
18440
25023
13866
5863
21158
23984
14639
19089
7610
30081
1244
13162
28626
2190
8686
712
4668
25351
29606
30585
20189
21571
17612
18101
1377
32599
9716
4432
7061
6632
256
14644
19728
3389
1510
11023
7705
11672
21683
28745
30149
31687
2256
7481
9056
9462
2436
28568
21262
13511
17339
12598
13746
11685
12550
13035
24591
31573
20450
29649
9518
29645
28989
18608
28671
23114
32566
6074
24642
6301
8485
31865
11944
8901
24795
26629
7222
14531
13611
4474
28907
31402
5545
19113
19874
758
31665
3342
21818
31518
29867
21251
28915
24173
10638
4402
13339
24333
32675
25680
8939
8549
13964
18185
24748
16805
10116
25654
2333
22430
2536
22870
14617
27864
24823
32060
2677
6366
30422
32517
1832
14301
2262
29005
22446
28525
2298
5539
12462
30127
6324
31801
17370
20120
8432
19424
14358
29580
11091
17972
27869
6447
24773
23572
3297
1912
20781
26198
13298
14343
26747
22200
11297
11960
13548
29977
1573
16504
25225
31977
4350
15447
4082
11998
29912
10975
24665
10984
30001
6052
28369
9832
7742
6429
1737
21149
24971
2738
17875
1886
26083
11542
2731
1551
3695
8407
21876
26830
32033
28468
32068
4589
5204
5422
24291
12197
15276
17634
26832
10248
27716
20757
10373
312
18440
30481
15612
6615
16479
31408
21106
17854
4110
18614
2923
8946
3161
4963
31478
15059
4458
7497
5170
17303
3575
9820
13073
5623
29216
12104
8796
11048
1430
1799
17144
14093
26882
22194
14439
12971
18085
8087
16017
27357
30267
24461
3269
26441
6182
20356
27131
15762
27592
28768
22108
9424
25905
23048
28164
23869
17914
185
26886
16432
15728
25761
23728
3152
21494
24489
8721
16897
9636
1426
1465
9251
12340
19011
9408
12540
14367
25185
6922
10098
2307
4641
26312
27774
5448
24154
9538
25821
14595
21471
3285
5897
9242
22795
18487
10599
12202
15773
5891
4290
8869
31942
22385
760
10688
25985
23908
499
1676
7459
15019
4827
14818
12339
23680
30090
11653
9595
8789
28737
8451
18271
20945
921
24028
5998
3093
6844
30438
8247
10307
3028
5872
6494
5953
31940
8870
4591
13498
23
12725
5361
10598
32309
9007
31807
17036
16093
20784
26003
25285
9935
10178
32228
28674
32201
8958
5874
25296
20661
30836
15135
23259
17441
28621
13184
23729
27375
11951
13364
7369
30030
31713
8948
31684
19433
15792
11244
6130
27486
14225
6345
6168
5105
19207
7700
4977
8578
16327
4798
15090
8124
22299
17916
10194
28304
11908
26453
29514
2785
13731
13560
31642
20353
15193
25684
31308
16989
22062
30947
20412
16884
11247
32070
10200
9998
23707
21143
23589
11946
5249
2555
14083
16440
2466
31862
31793
25608
26716
5380
23187
32259
29514
229
11059
8345
23142
14904
8583
3066
3440
8395
20722
11657
3476
5426
11148
13197
583
18966
24102
2346
5490
16336
11657
20113
23250
7734
14591
8563
18078
24757
17941
18875
30571
2209
31134
7804
22350
18888
8699
14120
22592
25933
30362
15620
20422
9908
28861
28888
13777
14137
8573
14571
19170
15206
10510
19246
26995
28388
13124
18360
1683
12946
7510
22386
9680
16596
10467
8980
17497
31790
24626
13904
32612
3089
4030
9036
31182
15348
30962
31318
17665
20647
8753
27092
20763
18404
26649
6777
10317
13864
13321
7103
31104
14016
31712
29841
13887
8743
28424
11335
18385
32399
29876
24536
8101
24254
24421
14155
9972
8987
31155
20335
20897
20745
20554
27596
22628
29811
23859
1241
24103
16296
30805
1648
1200
23914
12603
21118
13441
10561
30231
23551
7164
16918
11271
28202
10699
11004
7320
29672
1663
28241
23689
21387
20855
30470
4049
12989
9476
5179
12002
14006
9674
23311
12592
5299
8554
23222
16621
1699
94
22220
23575
30755
3876
31720
1717
32684
25246
17013
29278
30731
23481
29629
16122
19986
3661
1351
14541
22158
3908
15971
14257
16505
28159
23555
930
30576
23797
9932
25216
2663
19869
12141
13073
27291
911
9520
14662
5832
25318
31438
32703
1692
32232
19848
29328
27244
9705
17011
5958
4903
876
19988
1573
5768
31116
6700
2228
911
22682
32213
380
15153
9224
15310
268
16719
28549
31508
11328
6629
5994
11698
22467
1668
22613
23001
31955
14338
2579
31027
27460
18544
452
25205
23752
4428
24377
28980
19821
12792
18849
24569
15719
23147
24421
2199
16400
11815
23888
32444
31789
21354
16627
14535
371
681
27208
15065
5962
10810
149
30767
26832
31313
7827
24239
12833
27949
2512
16576
21206
8083
31058
4447
27083
3452
12157
9840
24102
1803
27447
30033
31124
29121
29769
32181
30678
10740
18184
22192
12157
6269
9014
4622
14321
20658
547
27113
12472
19092
14359
27771
3573
3401
17652
6704
3631
24012
6168
10751
15700
17891
19329
26619
10494
1873
6708
25125
10740
20301
5599
22405
26356
15924
24509
7545
29872
6011
26810
28492
14102
11751
31960
23562
26580
24576
7633
18067
26140
14531
28926
11247
13220
2199
17527
9185
17138
2690
28540
20415
31446
27037
4627
11136
4920
15045
30707
29975
12051
16020
8865
7680
22466
32655
16089
31512
15739
8353
2351
9905
24857
28617
26102
18662
2846
4367
12385
14892
13304
21948
1256
13354
16771
5066
2797
1227
15824
4506
416
30609
27429
23013
5152
26924
22852
3061
14563
14667
24560
31765
8279
3762
8878
14406
30409
8588
457
17715
32135
3
7320
10087
16193
271
18691
3262
25525
22923
9284
10777
26252
1934
8427
8534
13694
2040
13861
896
31165
2635
5181
17218
4241
5821
611
11170
30527
23179
18861
12012
11824
3727
20827
8683
22351
11285
20575
14175
5043
25579
14365
20396
25726
2999
15471
28880
4869
30093
7404
31383
25649
26049
4970
27410
6949
6906
3009
18245
3872
7304
2258
31776
22693
17144
23240
19377
23002
12005
2718
6807
9775
8721
7906
12730
3391
28340
7608
18489
19707
28947
28705
27044
12037
18261
2685
3180
5466
15250
32335
27799
14900
5166
22849
32440
10031
15973
30056
3871
10154
1830
7880
24909
14960
22053
12827
25515
18072
7980
6350
19323
6057
32177
17997
11534
25858
11950
6784
25655
26745
23725
19861
24833
18499
29218
18689
11421
22548
26110
4545
15006
30086
13953
10214
23145
959
1616
32592
23782
19022
4039
30138
17020
15191
25232
27127
1341
25840
8053
22650
21341
4554
9842
8476
19945
23828
27407
23066
8117
15772
25325
21597
151
19512
17054
13567
30930
18788
31929
18442
30933
9772
14126
28803
6438
5197
10968
22951
5785
24983
8529
19828
24261
8853
1290
21611
16568
28784
14235
661
5610
15889
8791
5572
30576
2182
13604
18715
21362
26279
18314
464
30431
15353
4105
14641
24415
4818
9648
18405
27018
25022
16363
30325
12119
16418
10397
30475
10967
19999
5230
11385
28963
21433
21863
25212
6547
23353
7100
23362
9520
19151
14568
22059
31340
16764
6399
29645
18705
15151
26176
6970
27256
16431
2794
17541
4603
9144
1362
19586
25004
5609
16945
13774
14152
3294
28994
31503
17766
18713
2061
22141
19700
31014
26365
8866
2788
16510
21689
14429
11811
9645
17329
28205
27083
11184
5623
7340
30617
6817
21329
19546
7841
15254
1420
28828
4672
3014
12051
21509
15699
10989
4032
6611
19878
2290
11249
30909
5040
5831
18911
4844
2685
32402
22827
3911
7147
9994
30906
22515
29977
1571
3779
8730
32541
1773
10022
8940
20469
1721
3072
5604
10176
11647
19580
30797
20015
9596
9708
7684
25654
30239
792
895
32263
1574
1493
270
6464
2309
20186
17249
17251
23431
30672
11595
1160
5047
29608
1733
25166
18433
18737
7478
3863
20885
23530
14578
6517
3596
14101
3072
12255
25678
3852
32288
19625
4275
27864
31244
24115
31848
14336
8191
16224
9237
4767
372
5193
20924
15289
18992
24371
11749
27599
31362
25023
27640
24497
5834
7777
5610
1428
28728
3603
15131
100
27350
24139
1663
30044
25801
19242
32765
22483
8916
27126
32020
10073
26141
30666
1220
21506
3892
140
10924
15618
29265
29216
9584
32122
16605
28635
9309
31634
11316
31291
10320
28104
9642
16085
25555
19080
24524
9358
26250
22012
29928
26638
6094
16933
22223
23666
17559
5419
27609
9281
17567
18929
32042
30370
31428
24301
23092
17612
13486
18231
21885
21437
11699
29151
32418
7727
14583
23428
15773
4808
22232
24098
13123
657
14729
13100
784
21417
31996
23515
27175
19515
5638
25541
18325
2477
15550
12721
31190
30746
22054
23210
13722
24067
8461
11090
14793
20545
10803
23417
1220
8766
19375
8174
28398
9829
15246
3733
20075
21207
28093
2234
2087
7776
19753
8101
12826
10665
4132
10095
10955
2223
11275
27668
18963
16499
11301
15560
3876
19700
28623
16783
28617
17242
5078
20232
11504
25716
2853
11401
20581
13156
10912
113
14304
25753
11343
22202
20802
14590
28095
30158
27676
6513
28069
30108
17521
1655
19653
19690
10941
12334
22034
18669
27957
19075
21015
8983
26193
29092
10645
10544
21640
12985
7022
11176
24410
3279
2497
9772
28052
32276
8791
22135
12496
29002
26174
13675
2619
8054
21683
1632
11419
14808
15686
28860
8080
28704
32056
22467
2073
9951
11304
25777
23131
29244
31726
30470
22686
10472
20424
28450
921
9044
20148
1809
24559
31521
29980
11688
13561
24280
27064
6097
10438
19931
6577
31779
23904
20635
24578
11446
29521
268
15396
821
5478
30550
23530
21300
29107
28366
31914
22212
17367
14116
26525
18757
21634
17885
3464
9340
4660
31748
1436
13286
10055
29725
29595
29259
12591
27739
6461
26005
32001
8467
5842
27875
27954
11119
7976
13530
27809
14439
8879
17979
4824
11245
13787
25275
23951
1128
14026
9231
9074
4708
30247
4422
9253
22664
26446
7771
22916
10184
7089
18955
28207
19420
3450
19940
32070
23536
32114
5279
32625
925
26657
27311
2340
22552
22071
7450
15905
3497
3114
31368
7742
8543
23841
27289
3944
19203
9489
3964
18664
19274
11813
9662
997
27214
1380
5727
5418
14911
654
28459
21546
29270
1862
13639
29505
30219
14710
17931
11581
23688
15600
14863
27677
3165
12369
32393
19737
16245
28971
6358
9698
841
27491
18518
28458
2387
30679
31357
14439
23494
3652
17703
2260
19068
20072
23340
20921
9264
9315
12085
21997
4077
3171
14542
10905
6854
14720
4028
13630
19912
9189
20880
19194
24621
16945
1404
21767
22994
29213
29286
7812
14828
21598
6971
12152
30198
8141
21894
22804
25838
12229
11841
22328
27328
20940
4330
11065
30723
5750
25818
5090
12771
10631
5331
18104
22110
30040
13528
20098
12468
5500
14913
13065
12824
23714
31246
19997
684
29117
24956
29144
7852
18531
7382
17447
21481
30835
8334
29573
13178
14587
18572
10506
19374
601
454
23461
15941
7072
12817
26790
1759
5949
21046
5503
1460
730
28233
24267
8838
20098
54
14479
7124
12038
22685
9152
22097
32672
2528
15622
16532
26327
2426
10432
7953
17058
31634
72
21576
8144
23759
9336
31036
16551
32367
6509
23079
30412
2195
20362
11116
21603
30429
32192
2765
30838
17213
28941
8414
31387
13064
30019
30393
14801
31307
15115
21492
4780
10590
24361
14544
16562
6332
30466
18611
28420
18193
18011
14553
15425
23957
611
5958
13735
20121
17908
32255
3451
16991
6934
1657
4267
17967
15813
4434
8115
29095
31732
13887
11965
30291
22225
28742
4364
19838
18763
23085
5018
30791
22481
3890
11008
1527
19805
1020
14487
21649
18866
27602
10973
16299
1250
32267
32026
12669
27666
12229
23107
19000
31617
13786
26398
4505
31175
25360
30631
26301
30811
13968
13235
8759
15704
11930
28371
7776
31361
13174
14203
6638
30082
11950
24931
10440
1401
8826
3886
10009
2484
21884
32586
25251
15804
26285
8215
28247
3731
23960
12107
21538
21819
2758
26773
6409
6775
19577
1920
18296
18390
2973
8347
29655
27116
1275
5591
28511
26595
12976
10800
7468
21555
27101
30863
7571
15021
161
20975
17333
4030
4164
18111
2388
9458
10165
24456
29926
18103
567
18640
9704
26468
5719
30270
31605
31609
4385
255
2327
27432
4499
17767
19933
15637
14418
988
25006
24155
24476
2288
3292
11215
3966
8397
32252
8328
583
22998
4598
19871
19772
23179
25176
32563
397
20141
3568
12976
22920
12195
28569
16977
17933
27677
14165
27108
28738
13047
6556
2254
903
25952
2292
17742
21421
29755
11714
29958
13154
11461
4192
28343
3824
14457
10607
10572
7976
21553
19567
19482
18584
653
8333
5222
31493
15768
7099
13351
9493
27561
13318
3598
4171
7048
15140
29380
14648
19410
6221
17267
30704
16799
21581
7559
3260
12897
11222
29622
25870
17680
7194
14397
11450
11908
7577
31853
32610
27938
312
10599
20018
26554
9108
13860
19918
29616
27285
32440
137
1626
16710
8407
12504
5546
1508
408
28678
27661
7733
24697
27945
29586
9754
7075
14420
15439
27752
2416
17934
16897
12788
2859
18179
13554
24301
15639
10234
18976
8815
26546
19975
22171
12372
5690
25346
14895
4430
30321
17975
23875
14643
26014
30047
17921
22423
20180
464
2231
5792
15990
26096
6013
15382
20219
20207
13593
24762
21231
11958
3871
12761
24634
10778
17245
28960
8357
14166
21621
9906
2970
184
20940
14712
27947
24474
13987
25016
24151
916
17540
10730
4744
6640
23776
29127
7775
2398
7670
10146
7092
5609
18166
11259
20185
298
10087
4946
12575
31420
7622
14905
1180
29936
26992
24493
21803
12737
21442
14758
2739
7178
29822
14317
28845
16630
5488
26926
22240
32184
31058
13902
12143
13693
2542
26622
19990
9119
12674
10897
11441
7708
25448
1034
22782
23622
6134
28794
28579
5564
16292
6281
18547
3480
29036
22098
14317
24042
22647
31860
2565
5990
9461
4965
6696
2393
1101
266
11386
17890
25718
20101
27746
13918
1700
79
13384
21540
9512
13446
669
22899
12433
31624
16412
32424
26648
7872
15184
6068
20795
18880
32087
9678
21159
18832
23525
12645
30299
22086
27788
89
5899
6871
15674
31850
31938
28461
30211
24049
11468
30842
18464
28366
28883
9163
20024
31137
22856
12000
16863
14653
16133
13115
10845
23641
2096
26487
26800
29065
13410
2779
17620
20333
29704
12079
24641
19752
20234
21710
12726
24340
7851
3325
28213
27573
24241
5755
846
27883
6597
10330
1697
12651
29980
24332
16031
21103
8023
32705
10384
12717
9896
1521
8154
4998
31287
12084
2688
10625
6852
31066
12009
8439
16013
18104
5859
2576
27762
7360
9191
10990
21079
12501
14495
4903
23242
14173
7077
889
17893
10519
30606
32185
18806
29358
7207
4365
31838
17039
25854
13915
4407
26872
26916
20737
9274
32338
22578
10183
8287
17345
10378
27153
32709
29177
31455
5466
27477
27219
22264
20189
32163
32288
9648
1429
11540
16445
3138
28776
8518
5352
3267
15520
30636
29649
4080
154
15225
4212
15402
18114
5312
23719
15807
17599
29401
6511
25707
4842
13830
27160
14879
30725
7254
7557
30464
7466
30154
8644
30387
15873
25527
21989
4824
10550
10091
11789
1748
9514
17427
24006
16596
3305
30685
31897
17423
14685
20569
22751
75
2753
24101
27860
17058
9815
19401
10733
9094
15454
23520
3692
5635
27199
4729
14641
31812
3335
3516
28627
25945
6169
20945
19183
22583
17445
3069
31936
20480
10836
4366
26096
19845
8133
6906
27822
8714
25917
2499
18945
22345
32538
11165
16732
22713
18825
20563
30322
16911
7417
11239
21835
30469
5840
19577
16536
26715
23132
10089
31300
10780
24076
448
31307
16163
6368
14284
10191
15837
9246
10251
10345
12881
9543
17739
14781
24925
5193
5134
18769
20802
12790
5939
16031
15203
17077
28627
11112
19273
24951
13418
22092
20203
32493
17207
21400
15404
24825
5093
8287
12198
13922
19562
29644
18598
4811
7472
15030
1655
26342
10354
29045
2788
18661
30954
20468
26104
8497
19369
31752
20232
3935
12614
13824
28404
7008
19002
13182
8105
1783
8843
7301
17642
21360
28840
24274
8785
20368
15252
19312
21136
16840
11335
12935
17405
685
3666
29045
24142
7085
17345
10015
13728
15866
12357
649
28351
9675
24467
24485
14497
15812
27399
9833
32563
5810
25229
8228
15193
1916
15553
14098
1071
2391
4693
21550
17814
9272
10419
20295
16364
32655
4068
9558
13594
27442
22449
26895
26324
29847
8200
8630
18972
23623
2209
3124
5128
32655
17376
29290
966
2681
20734
3269
3549
1531
8548
8723
19637
5741
11607
22933
23130
32320
15322
29525
30589
14574
25040
23225
9148
16941
31842
18265
2851
23912
10912
24590
27890
29039
2667
5195
24480
19566
15506
8113
5665
25628
29755
27613
2661
26164
5509
17541
12577
11561
10091
4547
6865
27926
7404
3248
9726
11507
14696
8757
9916
24591
5198
30750
10104
13242
32756
18544
9968
25922
22470
1789
30595
13346
31139
1333
9131
17525
28292
2111
31688
1457
1631
1353
12575
29073
27467
30748
8738
14163
28644
2035
15346
10020
7409
28301
5410
29145
16964
21889
9662
4319
3810
7634
16523
27253
29796
17859
12689
1560
22941
24812
9687
25919
24701
22158
16494
21577
17205
23076
176
18356
3228
21050
24010
6543
12242
8578
15224
15154
17187
1573
7184
12076
25134
855
13250
24445
31558
2350
16670
9222
3096
20148
20182
3389
4494
4667
17094
18213
12020
13296
24113
10366
20570
24243
4942
16952
19513
13094
21507
814
18521
10500
15856
17425
26097
6837
18351
20386
30993
12063
21338
15141
20285
5566
19022
8978
18778
18679
9775
8205
19663
19113
2861
2072
20452
3846
22405
20488
1389
2465
19530
8501
27565
4295
13157
30582
17013
2835
9947
23373
11404
6973
23886
3166
83
15923
8135
12326
2985
3947
19634
22761
20237
10103
3114
30956
29698
18650
6519
5605
696
20250
17877
20656
6888
5142
6263
5443
13312
16282
12236
1764
10368
13617
18433
31898
4260
5178
2759
8673
12355
32318
3158
4001
31735
6017
6578
29025
31102
30167
15405
2744
32608
29113
5677
12549
6098
3480
32047
3424
2779
26481
29964
15057
21429
26786
28795
5311
1398
10236
31448
18859
25328
12825
12068
1566
11733
11248
8268
19423
28959
934
5806
18794
19118
9128
18137
17822
30771
23542
26004
29622
11086
30146
15651
17274
26867
9529
10181
438
30738
19873
4993
23788
9079
19364
29474
8774
21231
14827
16513
18126
16300
25583
29698
4321
18410
23308
5473
30177
9683
25048
18863
43
3488
8626
663
20809
30466
24222
13030
5224
5568
7504
11339
29964
17825
28550
2650
28162
28044
23195
20183
1175
7662
3161
4914
17415
28252
21008
29518
3384
24186
1508
5510
3752
15899
26219
29682
30884
24745
3192
19174
16828
8136
29489
20668
3955
28982
18024
6868
5947
5109
27432
21464
2976
6317
30349
10053
27075
18764
1753
1575
15114
13295
12997
10532
7958
23813
789
29627
12789
23729
10863
7374
8857
27505
28525
16478
3465
8702
31985
16023
28631
28787
3257
3084
18002
4272
8243
22339
11516
30721
15250
10100
4799
3067
22305
22670
21851
7847
31447
6267
22947
30179
14380
18853
29673
25092
30252
28345
13495
10176
17354
939
28096
16716
9334
26618
789
15041
2802
15925
23708
11716
30305
25790
3007
8294
26017
27598
31073
19273
5338
11449
12310
2821
14679
26227
5779
201
12181
851
11875
9798
20378
27672
10972
22728
23432
3114
29778
8102
15474
27426
27530
12765
366
32651
369
32504
21740
7914
30478
16179
23622
12029
22966
20191
13720
31809
3967
22792
2001
22966
2039
5462
22794
28134
25877
7473
7959
20772
12399
7208
15964
24850
28846
24468
27362
28006
13119
2424
8107
8685
24140
27308
8258
20944
24299
18491
14485
2070
1941
4105
12039
362
13017
16569
7362
29470
32337
2253
8266
17265
12758
24847
7768
5901
9968
9776
1253
22484
17552
30128
17541
6364
25346
20989
29686
31672
11293
20959
20985
31482
19389
24339
6496
15861
1139
18487
23401
22984
31866
10726
21578
9112
22253
29475
28173
30748
27960
2299
26014
7263
15565
19814
17955
7105
23832
3439
11915
18239
4532
6804
5482
14837
19679
4976
32516
1761
13867
8087
22951
29674
2423
8898
29759
26145
25118
11052
17188
25414
18030
7995
26422
19598
1884
28259
11052
13987
18549
18760
27433
749
17432
9506
6800
7696
8163
3686
23578
1974
25963
3747
24614
1934
29488
10665
32080
13205
31184
13809
14148
11156
22906
5177
10197
11753
29606
2671
32329
27019
17667
17872
2295
12617
23473
18513
32021
29778
32177
17726
28875
8186
5018
12577
15243
20155
11149
2277
12453
26746
10346
5179
26646
6156
28996
10045
2465
14841
13587
10065
20002
10368
5801
22353
11038
2267
21736
12009
23710
32196
17201
16704
16702
25399
9759
30426
15489
30586
18550
7869
4967
5467
23638
6866
30530
25529
31925
11151
12997
7749
25356
7891
11614
23434
9551
26129
14534
29739
4131
22449
23766
28524
29004
8115
5532
6388
26212
9110
14254
9170
979
23928
28350
32445
26619
29310
2671
15776
3763
2166
3431
15446
30967
7867
12965
24241
31965
28249
23829
4546
20939
5490
9570
29268
11496
4577
31244
15546
464
20252
1466
27083
15244
19295
20433
7466
449
6151
19269
18635
24103
14652
18352
10674
22077
10450
30881
510
19772
113
1846
13351
16969
3828
25069
9092
16110
23824
16055
32272
2507
25910
846
21357
29065
698
1993
7465
17424
23604
26478
7233
17914
19751
21447
12259
15943
4832
7672
2424
27218
16545
27215
25058
28163
16127
16925
5122
5191
23177
30660
16510
29629
9642
4370
24257
19379
12753
11213
24387
11600
25550
4239
17162
17682
26496
26580
19569
22652
1709
17746
11560
19464
26417
32137
21884
17763
29787
31130
18648
15833
30612
32092
7052
6414
9281
5037
32206
5104
6891
5382
30718
8169
10141
31827
15407
32345
16270
32257
12514
12355
512
5464
6420
3655
16488
31755
32124
7376
20943
16397
15118
28814
13688
27559
23235
14119
18627
29640
5788
14377
5201
24732
12261
25156
29801
25695
31415
14518
8347
21620
17088
13574
22179
14513
27974
28917
11408
25854
31850
11442
20005
20766
22442
1357
10623
8908
32170
28526
20216
7690
820
19015
2124
28598
893
7879
27386
1630
26026
24336
27117
27989
7058
14892
10844
24070
15814
22523
8175
31625
10447
4464
13347
27764
32694
30973
31983
18164
14282
18252
18088
796
4509
48
29986
26492
9040
25563
24
9206
22544
81
3789
3789
2273
30493
30452
14335
4762
19266
8909
18133
3377
19316
8850
21944
2105
27784
27921
16454
28841
10282
5018
6053
991
13262
27931
12567
29669
9193
31882
719
8434
20320
5763
17156
3124
1856
2611
32067
26572
30385
20852
4617
26651
16165
3129
21649
14908
9429
19245
15083
17361
24430
28055
21582
4099
25351
5761
31151
3524
13655
32025
27794
855
8997
7255
22561
23315
27135
1504
26747
11620
10799
23595
27726
11282
13547
14306
13480
21190
2764
31883
9994
202
7810
24679
13759
24592
12229
11162
12907
15734
21134
29325
12007
13896
30344
20369
24652
24326
705
24517
14414
18280
22950
1849
10444
32672
22830
16467
17828
735
11093
31346
14540
11034
31436
19410
15519
4622
24559
31408
4212
898
6647
8622
7029
25804
26737
29560
12719
13718
6383
25000
12133
3554
7421
10983
24234
15692
15446
5205
23343
28559
14168
21036
26713
31307
28086
25504
28054
14342
23917
26121
3314
5232
3577
9027
2021
11755
15304
24405
26223
12362
22511
10578
5223
19673
12316
13181
26897
29598
21195
30384
19694
12767
957
9471
29144
23013
21670
12184
20814
22527
13863
25581
25868
22729
5371
25622
19934
9389
22389
32368
23735
21675
20266
10379
12797
17494
29419
8515
26408
25887
29942
32300
30347
22230
2412
10292
21873
26990
28934
2947
29804
27649
7172
32422
6634
27923
31079
9453
19209
20507
18016
20497
13997
23616
29192
9498
22223
10336
26961
2176
15384
2134
24381
5521
14254
24445
25934
9490
22350
31856
26685
10025
26523
25108
25839
21627
28853
8665
27044
31377
24846
11068
14194
26496
23161
13457
6130
14537
21892
8447
15161
4478
3848
1996
12809
31654
29694
16602
22601
30947
32660
6770
17331
1618
16257
7233
2765
6067
29333
31648
30746
19914
30100
9497
32145
27652
29252
32550
31822
20830
1221
19003
13448
30851
19233
16903
29123
17204
4900
25592
18246
5357
6766
32509
28880
198
5318
28815
11143
3735
27825
13042
6961
23391
29251
8376
4006
6375
27702
4488
16005
12450
16185
13341
17703
3544
8074
18833
1745
21251
199
9692
15150
32378
14338
6552
16636
16972
1043
10503
2309
4975
28722
13398
11601
13338
17605
29987
2202
15727
31350
30014
25088
27741
25481
25260
254
13765
32620
25842
15773
26075
11408
22416
24807
20176
11384
3531
27039
19118
11792
943
2351
5251
21055
8277
27874
15553
24255
28002
10067
15589
4909
26576
20006
28247
21596
19953
8181
26769
8687
3760
18061
2692
2599
15899
2395
13111
4089
13086
1057
28082
14180
12945
13805
5146
11265
19318
31820
11805
13788
18555
20155
3729
28802
23239
20062
29783
30811
25074
32245
12934
570
30037
13835
9157
4403
4741
10608
27897
16045
5402
3562
21281
18615
23477
15656
10365
23200
15937
25079
5366
17345
14712
1465
15802
4254
29609
4626
4135
14894
32441
6884
13290
24438
31593
1150
26728
15709
470
23056
20829
22715
29510
26722
30402
3763
6433
28870
31733
32579
13630
2124
21012
1561
26464
30516
27049
13736
3073
11433
10125
2172
30798
6828
8454
15562
14194
3662
25395
3660
11543
22562
18858
16971
16682
22770
10335
14846
30943
18097
19656
32530
8438
15793
6718
32394
27964
29206
17831
26057
12628
5515
29778
21997
5815
17715
16930
24927
29690
5090
29423
1960
10576
1166
21289
9095
9807
2304
3006
32576
31991
22735
27966
822
9712
13455
30270
12988
23059
26950
6394
27433
9516
10271
1086
6442
5630
1635
29574
22621
12168
14756
19044
12571
32647
25660
32546
26773
32316
1526
6312
5922
7023
25866
17313
30935
7348
847
17114
11353
12525
29612
16106
21487
23824
9167
14616
19675
9771
28194
9593
28907
7333
2043
28761
5707
11462
8212
29404
16797
22649
16698
6885
15947
15953
19785
18999
4380
4555
9303
12507
30982
26835
19504
9921
29252
649
11267
18602
28584
27460
12378
23620
15921
8663
27471
16279
18144
8724
1277
26529
8904
30863
4150
12861
13669
17317
6004
3914
16686
17852
30225
17672
10861
27851
20922
21445
23631
29470
18465
15546
1079
32083
9458
12336
5976
22953
13321
26343
22147
17530
994
10935
17469
22021
11344
21112
16661
32113
28018
13600
16949
11535
15075
22571
22070
7136
1842
23872
27705
16471
25490
29457
4403
26719
18386
19843
6024
4768
5775
26895
23772
27902
12712
7527
8741
7267
13042
17245
10757
12735
7469
29185
4440
28749
6455
5898
5641
18711
4992
28280
16425
12220
19902
7543
8514
11377
14562
29829
7656
20294
11082
7383
30098
26795
18232
13561
31912
11058
9603
8374
15581
6806
6284
4151
28607
27645
7028
623
1932
15226
16780
18102
14920
15062
14861
16819
17164
15760
15370
31104
19873
17954
28322
11529
16462
30854
8570
31413
22509
5625
26987
23113
19012
26111
30071
28169
25235
12455
12290
28448
19562
11792
62
14657
189
3884
16360
14735
2362
964
14642
17594
3546
25020
16640
6251
24759
20889
16726
3043
31773
9280
18449
13279
9955
13824
28118
32190
13052
723
10569
1509
2633
20449
25215
11619
32177
3654
23221
13009
2676
23317
15426
21116
2492
16541
26314
12743
32374
7403
19381
6602
30047
20880
28383
17727
11106
8356
24465
17823
28193
23306
15793
17288
27346
17398
7989
7778
24396
19885
27101
12098
24929
5004
29986
13070
12399
13644
2154
8163
17714
30596
2429
27059
5084
19823
28476
31283
13416
12272
19601
24564
25899
26067
1954
30927
7084
8534
4426
7047
6069
5864
12489
1194
11434
28976
14266
2744
13594
18001
12870
23943
25748
29293
26520
21734
27580
31592
16016
4737
8861
25070
23228
31493
11585
951
1412
19076
20095
29449
14244
18458
23829
26495
22240
23761
3831
11274
31730
4546
3814
11829
21704
14717
4163
4781
30444
18603
21798
29440
13892
8690
23211
10405
21499
22809
8076
18749
6591
12653
14581
14360
13613
23395
10643
28923
26505
13694
12015
28704
23987
5235
30970
23423
17494
22156
32744
20812
27747
17994
27714
32705
5054
4174
17719
27165
9783
20601
22836
32493
2747
31315
5300
25482
20683
8361
15192
6371
21038
24699
14138
23932
7395
29461
29311
28855
14682
11131
28459
6995
8420
25354
4409
8498
30823
6493
20204
95
25430
19310
15200
8527
736
17917
8036
23655
30056
30518
5260
30911
27190
910
22145
2086
7532
8686
16028
17510
20539
787
7603
20937
4438
18485
26675
2779
27047
19686
26735
14706
16706
18494
27448
24812
4247
2357
6830
32184
12779
21072
31573
24088
26377
6272
16236
30756
26420
10567
25722
24851
2401
31772
20265
18870
24227
13073
22871
9285
20711
3763
1643
22366
6625
22833
20965
8779
9798
3265
19514
5764
14652
14656
31198
19060
25615
27928
10402
10624
9765
9575
12096
1350
18740
2398
19252
19490
19890
29927
4302
2295
31629
5770
8582
4140
27421
9361
7311
32244
6743
28010
32175
27091
25155
18254
24141
29534
24752
8992
19660
3138
10790
18072
11799
9095
22556
29088
23933
5654
18283
29438
32448
2169
6915
28724
13928
3555
22236
25764
15453
16496
10032
7160
31925
11949
10216
11201
15051
16987
16468
12382
27281
1136
26398
20768
13351
25183
25217
20396
21932
22681
22710
9888
22356
9812
17583
31609
17850
28299
8968
26548
26232
27206
27451
23859
6902
4123
10515
10723
25983
21749
19043
24220
17562
27156
29943
7496
22679
7253
30923
4680
1896
14516
12923
7443
4786
6671
29179
27680
21540
17453
14728
4103
5128
12286
26846
18915
11799
11556
10412
6394
30866
31923
10821
19360
8590
2357
3992
5976
30352
24562
3938
31805
19033
20334
10658
30624
27907
20274
78
18931
27213
5327
10308
21477
564
31265
1667
20175
4035
6353
3483
25679
21035
16157
28514
26930
19478
8668
5865
16280
11577
28604
32430
9298
31272
10703
14099
27535
26223
25926
12559
28856
5342
23164
8484
15768
12836
25910
3729
11456
7584
23081
25288
2858
5235
21948
3362
32028
4826
26640
3794
10831
24507
16957
792
30033
30333
18655
30647
16936
17181
12242
10664
4152
25726
825
31248
27495
26881
16837
12144
30846
14678
27700
22299
8402
9618
11799
23278
8485
18561
985
7995
32711
13629
509
15622
11776
8959
8615
11380
22707
2870
13918
29568
11323
28118
28944
11504
3993
12275
5206
31623
6865
18574
15866
15741
19601
12207
27063
5164
17172
17332
4415
5132
31814
6376
3459
12513
24873
26455
7470
14899
8311
2785
13426
31743
7305
18830
31240
22444
28791
21537
5490
26944
20609
13552
12932
3284
18861
8434
24098
22598
9394
24346
8267
23853
28693
14819
30551
18194
30098
12077
6268
10717
7869
21063
6551
5261
3305
5197
26665
15404
26697
26292
12704
21250
10837
27683
8409
24586
26479
11140
5346
10914
23495
31068
13572
3718
16252
2903
1537
19455
9732
27176
25754
10328
27853
13711
2388
29330
32036
28347
31100
16473
25943
15571
2409
30518
3350
24528
21505
30213
2335
17805
19327
29354
21019
29985
18291
24576
25282
17516
13321
28690
326
3056
18063
1678
14319
19682
23346
12150
16642
32129
24584
28185
27112
28583
29012
30786
12684
1438
2821
12719
9733
10548
29567
31684
17781
14610
17310
