4919
19864
4851
17883
17131
28242
6280
6166
21640
3281
32328
29019
15979
11854
15263
5685
29318
32327
2588
26050
28685
26985
9419
27574
7538
24499
4543
21410
32404
473
10734
8567
6964
15846
21314
21318
10664
7974
8428
20553
20947
21827
19964
18727
7252
13998
17966
28020
25086
16960
12551
6775
20360
25634
13089
26417
20870
490
22980
12698
31896
4614
25781
4398
17890
16990
25171
21160
8124
29237
20959
24846
20138
848
16412
16365
2702
18011
4632
31462
16412
1672
29257
11881
1679
30841
5083
3521
7578
4192
16457
2641
1954
869
25387
29
5162
30792
2127
2956
28303
11079
10
27756
1269
2370
7632
6710
23425
1565
17667
28051
8137
12902
14345
800
4232
21559
23969
15214
3479
1886
28791
31822
25624
10428
19702
5963
10996
4331
20829
31095
17289
25124
1045
2155
21148
27999
29762
20617
17813
29371
2200
26756
14315
16673
12399
11811
19677
31012
11034
16449
20835
30508
22901
23065
14948
10452
19902
29632
21289
20880
3494
19443
12306
659
15015
16147
14727
18928
5271
3950
25394
23807
2686
704
25451
16898
19877
30970
32500
15624
6895
24641
15591
1042
11884
10810
5868
32373
5420
9861
31151
4991
20817
26247
10642
19549
1128
3693
24479
19772
5114
14189
12992
27055
31837
18255
8498
22609
17872
24877
20023
18859
20424
21367
18443
26200
26244
10041
27162
30822
22247
13473
12144
17408
29831
24764
2417
21322
17922
26752
3786
14733
19345
23823
5799
4500
5087
13626
5159
15190
4891
6212
17932
7381
28747
17897
3768
27205
15588
16287
2133
14705
19096
5916
10579
25691
4976
1560
3351
32546
26650
13140
13553
25897
22660
18651
21839
8566
2730
16264
817
13912
29612
968
21981
2125
10019
22433
20692
28706
12469
5620
10756
14428
11239
15103
16447
2519
3635
22053
21996
2989
22363
18674
25597
14937
7164
30554
6433
14877
7782
19777
22842
10401
27051
15681
20753
12764
8950
7335
29256
27703
1310
190
27537
16368
14971
337
28958
23997
2297
1131
26969
2227
1130
30561
20948
14181
15137
6418
28803
20560
4284
14702
9513
1399
15169
4661
28432
4938
5741
7425
31485
26316
16712
2695
19811
28405
14845
16154
23767
7509
27625
30833
12484
23035
25586
169
22624
28309
7962
4749
19934
11481
10067
21270
6630
21539
29334
1070
19266
31327
14383
21689
5850
31785
12379
29142
13282
14387
29204
15714
18514
6631
25388
19903
31126
14158
28313
6867
30087
1585
29968
31827
1947
27774
11221
23873
3672
12268
24017
18611
25871
2274
17125
13271
5574
23702
24958
10548
26486
25202
11881
14642
7287
14523
24297
21469
30008
11380
8455
28646
19251
14464
11818
8938
22560
8
27623
3831
32105
18460
3866
18765
8159
13469
30006
7777
27563
19546
10201
22312
5255
2169
16036
25489
26158
29465
4937
3668
14608
6453
31717
7658
8011
21451
32657
1756
24023
11326
14643
4929
1536
24570
23707
9090
17178
18262
4555
27745
12400
9150
6805
22074
19325
6417
30316
24968
22111
22088
30836
13482
16008
12633
987
14056
23479
14938
25196
23729
6950
2538
26977
2342
27397
20173
24697
10461
31272
24278
24395
27102
8189
20234
5338
13554
192
22274
11625
19486
16882
913
19089
12906
25351
31911
16784
16614
3679
25205
5092
3311
30327
1490
22041
943
4961
32734
30943
24291
21617
27877
10335
22241
6714
20102
13775
13785
3256
22804
16196
12379
8655
12348
2504
10009
26612
22248
16813
13807
26923
22116
5409
13344
14897
24767
23810
2531
2554
29301
18419
32542
17758
14154
15279
26481
8975
13945
24733
20342
11214
2574
2981
3911
4830
9617
31299
26177
29369
28644
5337
1032
16899
13422
11082
8907
5308
12154
24516
5834
32185
14809
13277
30485
9301
22479
27618
17302
25188
12077
15467
11345
32360
10426
30259
24043
22024
16599
9255
30569
3261
19299
20413
3387
4815
11997
24455
23929
6272
23240
17416
6508
16774
32084
26310
26704
11455
15418
4000
1880
9249
29928
13410
10995
2288
18398
26263
1358
20531
29528
21407
5658
9064
16685
2817
10127
31095
3063
32514
7345
15333
8052
29558
29906
19530
30764
20182
10328
32261
9812
403
17088
22574
22515
30634
24035
13260
20035
18553
25208
2632
16986
6352
12763
2082
32009
25420
7437
14307
9733
6880
19707
22867
3652
23477
3
14571
31146
7732
16564
7053
11237
8289
31189
4723
15510
31082
2985
19302
30385
2943
18034
12592
18214
18405
28212
28755
32449
31046
11195
13307
27470
2124
3807
12082
3074
28270
1543
18003
25878
19209
28396
27841
14005
20146
9376
2776
6936
28875
11982
36
20464
9044
30275
5585
12036
30980
8877
30051
6683
29080
1443
30632
24092
24684
14054
24554
20852
8520
17895
22376
12728
3964
9353
15624
1163
29487
12071
7494
32707
22772
30169
26224
15559
1950
10995
11541
15163
2134
23247
5307
30432
29930
20685
12496
5301
104
19863
29155
27491
28140
29354
29460
27351
27062
1810
15305
10033
30847
31092
18851
2781
28941
17234
30385
29695
13318
4491
4067
16661
5634
22049
12225
4312
12259
10047
12636
14690
2409
3963
20357
14998
20993
13144
17470
12221
7134
28687
31854
1133
19787
22415
13273
28847
15424
11714
3406
96
10291
19218
31522
10712
1584
2092
3038
14282
21292
5891
28469
2667
24727
27928
18233
29655
20272
8954
6606
13232
11293
27912
30302
22024
25659
4478
9166
31105
435
32688
27313
16562
26574
27792
20412
29389
266
6262
21114
3967
4973
8737
1089
23064
12057
2809
2917
8172
27425
20630
26283
15865
25755
16262
1281
10698
13302
25419
1388
411
19598
14244
13121
26557
31358
32526
4760
11580
29365
25225
4350
4032
10573
16031
11882
3761
25112
16803
12915
7070
12155
16183
16831
10720
21375
23824
26559
24954
14117
31998
26777
31044
27642
2086
28518
31817
27628
32658
27806
32365
2908
30189
14544
1107
20852
22151
20375
8829
10939
7584
14025
6069
10726
26082
26097
26284
19186
28463
16896
13026
27759
669
319
25797
29471
22463
2952
22813
19391
24359
10934
8103
16165
5672
8026
3328
19595
18401
28080
9157
32299
24438
30417
6393
27660
12193
12841
30631
24859
21354
6956
10184
22141
3122
10053
23654
14628
16630
22543
11522
11680
722
15816
24116
17976
15044
32259
7569
24378
25779
