245 128
409 64
183 29
186 80
246 198
83 114
313 166
312 95
94 206
276 203
212 198
282 177
253 106
29 123
66 160
253 150
120 185
291 181
161 143
160 197
70 126
17 97
211 101
229 119
83 159
305 146
350 29
20 145
288 158
327 184
156 58
88 182
241 51
23 183
59 125
95 123
61 32
313 111
366 196
158 154
210 204
332 162
187 85
187 48
238 145
256 193
155 15
354 102
200 14
299 47
77 90
192 124
389 173
133 180
147 138
27 89
339 118
267 11
19 24
296 124
129 90
208 204
343 112
339 55
37 169
152 147
205 132
139 174
197 141
235 24
248 167
116 92
382 116
264 117
302 187
179 127
97 90
79 139
200 20
117 167
336 84
213 93
101 43
248 139
310 135
84 131
263 20
192 19
396 87
137 72
357 145
20 191
116 16
100 117
295 68
14 151
290 105
188 124
45 104
143 193
