277 157
371 201
355 156
209 124
50 130
79 183
158 208
114 17
81 192
190 80
69 33
278 38
278 61
70 92
92 193
276 191
216 61
372 112
220 76
267 40
192 62
167 27
402 60
205 84
205 20
66 170
174 71
142 154
211 78
190 189
148 172
345 108
151 184
38 184
111 17
316 159
196 191
185 172
329 24
327 21
346 40
348 43
340 93
352 110
122 10
165 55
293 137
210 130
91 191
129 52
147 122
58 209
88 198
191 73
252 57
297 179
399 140
274 35
368 163
85 96
403 111
83 201
132 49
376 186
283 193
205 25
241 177
14 182
161 115
303 98
210 58
139 167
164 192
222 96
314 83
36 170
55 189
32 20
267 173
193 67
320 128
354 25
128 164
289 63
122 158
211 128
164 90
134 55
323 123
198 188
25 188
148 148
254 142
196 111
290 106
198 157
129 114
136 187
233 140
298 98
280 199
98 186
170 88
272 45
321 150
276 150
373 85
15 204
47 112
296 122
48 123
208 73
151 24
103 23
307 96
208 130
390 29
115 208
235 157
163 65
121 137
159 135
119 151
76 180
323 173
146 77
14 159
53 54
330 186
280 190
391 162
237 28
42 25
48 74
127 73
229 201
385 204
319 70
183 66
322 43
177 75
299 113
83 93
319 36
49 80
17 23
349 32
248 90
236 51
176 177
239 180
112 207
353 159
124 163
77 14
27 122
82 91
268 45
376 70
100 20
405 138
236 35
204 11
121 75
214 59
283 20
51 125
330 195
306 193
46 135
63 10
78 72
13 84
267 97
37 106
78 197
61 47
319 16
332 35
120 72
189 184
281 52
339 94
125 203
396 188
349 112
104 47
147 45
123 200
178 142
401 121
180 55
194 144
20 136
407 112
189 128
283 52
50 32
261 37
48 201
118 174
401 73
14 118
18 121
404 205
343 27
293 203
350 11
283 157
17 10
386 18
224 19
392 69
334 64
244 115
267 84
40 136
66 135
329 181
227 141
287 52
244 112
360 143
116 207
385 198
128 63
24 32
265 153
188 100
246 164
294 120
134 13
140 114
344 132
83 36
127 40
180 181
320 70
179 70
286 150
396 131
200 198
159 139
272 195
78 193
160 93
147 148
281 139
231 67
332 71
225 53
380 51
364 184
83 115
77 184
84 205
19 107
145 31
223 27
286 40
246 20
117 58
132 166
92 142
340 204
324 40
238 102
403 196
159 141
372 146
79 85
350 102
63 168
242 123
209 16
297 145
253 100
126 107
129 143
263 198
361 94
313 40
351 25
396 165
229 83
29 32
192 109
308 64
215 200
101 177
29 34
42 92
363 42
193 169
113 119
210 180
334 151
164 46
63 164
336 206
308 195
293 191
89 200
94 108
132 52
33 209
186 208
346 163
215 79
24 19
349 70
293 183
172 47
331 146
84 168
53 94
39 117
68 54
162 133
196 80
381 51
47 147
209 139
207 30
90 153
153 73
157 140
392 104
27 40
344 77
390 20
293 100
340 73
291 126
194 189
351 22
267 151
181 32
217 195
115 195
75 136
222 28
215 81
100 61
258 41
322 14
46 42
247 59
35 207
232 125
226 152
341 102
37 54
12 79
219 48
237 188
99 182
30 91
230 140
191 40
266 113
224 13
372 56
258 96
190 150
92 117
89 142
367 150
212 49
76 184
382 74
20 136
329 97
144 14
192 142
227 17
394 105
204 11
47 55
384 69
42 56
71 142
272 182
182 160
256 16
45 188
331 48
402 56
342 10
366 30
286 79
246 198
123 89
349 118
408 103
200 194
306 91
338 119
222 98
81 116
336 83
24 74
346 156
126 99
354 201
95 146
87 143
306 185
341 152
347 161
246 200
194 181
299 15
355 80
76 120
279 168
61 66
147 75
98 44
160 137
356 38
395 82
260 165
109 74
79 40
382 105
114 113
38 40
352 38
356 33
194 113
338 190
382 100
216 61
252 137
80 11
212 41
362 102
28 83
113 151
241 47
270 200
51 84
252 138
199 191
267 67
327 181
105 189
156 10
365 122
159 123
182 183
28 81
260 151
72 63
85 106
404 22
131 69
258 119
140 172
280 121
386 13
84 27
339 30
14 204
92 154
164 129
378 184
81 87
17 148
127 114
113 82
320 101
277 185
55 131
318 196
380 133
208 15
64 29
186 72
397 10
364 99
66 53
292 67
94 139
362 62
90 12
61 24
348 108
93 58
89 136
90 100
155 83
156 193
323 97
69 139
49 12
277 111
226 29
268 82
25 101
117 67
145 172
49 131
289 115
321 18
65 117
136 164
236 147
192 116
343 80
396 48
289 209
126 21
59 58
363 140
74 93
75 53
267 76
341 203
214 17
10 201
342 132
225 163
360 20
275 127
162 162
391 141
214 91
209 174
70 148
183 81
186 186
197 156
257 42
17 64
372 31
337 189
273 35
267 33
38 152
125 83
172 62
126 29
55 64
85 57
59 74
249 106
273 174
201 150
138 95
77 203
19 157
12 176
233 123
127 38
159 109
134 119
62 110
90 109
157 57
114 102
209 182
202 78
326 135
113 29
191 27
97 35
282 115
277 202
55 92
86 75
347 116
54 11
208 160
385 79
367 85
320 21
369 22
192 85
242 134
83 161
55 134
342 169
129 81
242 81
195 109
102 63
369 13
309 183
41 181
332 130
342 14
263 71
338 179
389 184
92 155
169 88
91 79
18 43
274 14
13 111
68 112
121 50
233 128
315 108
322 37
132 14
345 98
32 51
77 173
112 150
253 69
154 204
354 32
254 59
98 195
29 196
146 107
134 117
156 108
193 161
162 200
367 44
49 178
49 106
201 132
360 127
76 101
221 44
85 199
291 209
28 24
361 54
23 71
148 167
258 122
125 103
338 174
71 163
230 14
35 194
287 15
183 52
290 196
124 57
220 53
119 83
294 21
283 183
152 116
189 200
402 90
360 68
41 70
226 107
175 118
111 149
231 87
212 188
327 184
142 66
350 106
212 131
168 26
394 54
144 194
328 80
325 20
283 106
128 169
330 141
277 90
395 19
88 85
327 95
226 113
91 175
324 37
257 201
299 198
366 188
197 88
253 96
307 104
172 209
175 151
262 24
335 49
273 26
139 142
24 93
204 57
251 33
181 168
325 131
39 83
31 48
271 88
36 199
162 157
309 47
317 136
349 12
358 36
359 108
151 69
383 31
380 70
134 198
250 49
138 123
83 47
389 74
247 88
229 70
285 45
236 102
146 12
105 17
225 75
407 113
21 41
196 188
251 98
20 176
187 105
295 40
231 75
73 122
133 113
168 116
74 86
235 102
312 106
321 88
393 46
296 31
396 105
207 101
320 67
286 183
367 96
116 75
29 39
113 89
288 99
101 73
370 89
313 149
52 11
141 161
326 13
305 200
21 46
408 136
132 194
106 146
94 117
233 147
90 98
406 150
400 77
165 37
220 78
46 197
33 127
53 202
191 127
316 35
295 16
40 56
302 182
289 137
161 138
62 168
73 29
48 193
351 121
206 169
145 132
210 37
341 22
33 109
301 62
240 97
139 71
325 114
23 121
44 172
16 93
267 82
208 33
168 19
371 37
89 20
40 117
77 78
88 32
169 201
39 40
389 57
201 171
168 32
295 185
177 116
66 87
328 194
199 92
324 35
52 138
127 174
74 119
119 103
211 132
165 166
198 174
403 131
152 11
26 153
21 103
58 72
144 32
109 167
359 110
110 33
347 136
182 208
190 75
376 72
302 68
78 149
241 127
194 79
353 25
401 117
218 123
93 160
337 104
355 130
408 113
285 78
127 182
232 57
141 145
184 129
144 150
106 157
145 85
234 174
123 179
311 29
205 13
52 109
158 86
256 169
305 44
136 81
25 198
171 89
15 104
79 91
145 131
370 159
221 182
131 135
271 113
258 16
343 60
70 126
175 164
126 102
219 166
57 66
193 206
41 65
11 186
197 21
171 162
303 185
158 43
390 155
164 69
92 70
368 42
314 131
283 192
387 73
189 96
199 34
78 199
233 40
202 141
370 128
276 37
87 29
252 12
249 208
227 158
380 79
255 149
218 188
298 195
281 120
32 138
186 96
249 73
355 30
67 106
399 130
340 178
356 43
302 185
277 80
340 195
202 124
188 30
349 138
198 101
262 13
235 147
202 12
265 196
62 83
127 105
50 93
132 50
188 73
253 178
179 67
142 197
190 180
224 85
171 68
244 141
372 111
231 69
399 182
279 136
292 104
341 82
85 193
315 85
281 65
288 126
153 143
362 52
288 152
195 201
12 11
95 149
330 207
156 62
129 87
363 164
268 29
46 100
302 148
307 51
114 154
64 54
337 94
319 152
392 71
172 52
72 142
396 195
303 52
353 111
408 86
316 25
222 152
50 209
295 128
113 156
47 109
180 170
226 120
326 120
46 65
100 196
375 181
86 120
381 158
175 152
284 116
226 63
211 99
168 111
327 172
335 207
56 89
341 202
387 59
214 158
10 22
66 82
386 96
291 68
363 102
13 41
373 55
342 126
97 189
24 31
389 137
197 182
133 14
27 166
318 33
344 128
292 159
31 206
127 64
331 150
33 51
36 50
187 33
368 165
65 102
316 176
43 190
379 63
254 204
157 197
346 41
163 103
116 187
195 23
391 140
248 120
55 37
315 42
39 186
295 70
315 15
281 76
144 75
183 34
75 36
292 49
335 28
81 155
323 147
133 71
403 124
175 160
245 52
299 66
207 129
276 31
328 31
266 113
316 49
340 17
68 117
199 64
245 113
23 59
167 37
61 108
153 97
202 127
131 17
76 90
269 190
255 209
366 46
21 57
183 142
168 203
321 48
287 203
36 128
79 129
154 187
68 47
195 178
177 181
330 147
373 66
231 41
62 68
375 157
306 194
265 173
43 119
138 124
339 113
100 153
129 179
34 157
18 120
183 71
172 18
32 186
62 138
71 131
156 176
281 83
90 100
250 27
135 94
72 137
44 196
61 109
372 162
281 129
15 111
271 89
50 69
382 71
385 97
228 122
383 68
30 208
213 137
290 42
129 64
257 39
33 170
375 131
337 134
341 185
369 124
178 23
27 136
141 169
259 24
373 89
48 185
380 141
122 152
138 129
212 165
110 143
43 44
267 132
272 87
352 133
67 118
55 73
384 57
83 209
111 87
116 13
214 39
141 89
241 112
376 48
53 68
232 192
386 178
287 198
184 12
161 75
235 102
152 56
121 41
298 45
202 38
56 192
266 206
200 52
100 138
21 136
351 87
101 122
381 84
92 35
305 79
400 109
337 108
284 163
61 63
392 95
143 85
233 33
147 206
165 159
169 38
122 72
56 164
287 198
21 162
267 187
324 118
181 162
350 152
235 162
53 109
55 38
244 51
79 89
26 55
124 33
24 171
93 16
248 116
397 179
273 131
162 180
153 202
136 155
154 105
381 37
104 25
190 115
225 186
130 55
358 144
213 58
250 19
280 73
360 63
231 153
10 32
363 48
295 170
209 103
204 25
138 13
111 69
116 93
16 120
186 107
128 130
120 82
374 180
162 90
352 60
196 136
247 89
284 175
311 168
360 182
29 86
250 129
193 95
371 36
182 38
79 197
272 77
45 178
293 175
50 27
71 165
254 105
241 14
175 183
352 74
133 32
164 185
294 202
263 63
338 169
270 180
105 126
189 17
140 17
351 76
354 125
294 40
380 99
320 207
315 10
27 74
352 118
122 138
180 22
89 39
249 11
125 137
97 101
64 150
237 127
91 43
249 31
148 118
166 119
219 83
184 207
400 118
225 103
87 81
381 31
62 54
320 10
142 54
349 10
176 179
121 69
370 20
111 41
122 31
84 92
219 52
94 31
294 30
177 43
114 69
74 13
367 43
351 206
247 164
22 86
326 49
118 162
315 174
380 27
128 19
190 42
135 168
389 89
357 204
278 187
372 112
129 94
243 15
287 40
48 17
277 40
105 136
46 23
63 122
360 174
301 121
157 185
392 176
245 61
326 135
282 150
132 104
188 116
355 178
390 175
322 149
273 24
98 120
263 26
358 72
91 177
201 114
135 170
325 107
38 11
97 54
227 204
74 94
385 63
358 76
173 203
325 186
33 175
345 153
283 109
215 80
109 45
45 182
197 36
71 147
176 76
253 98
331 86
288 49
26 197
165 60
28 117
80 39
351 204
309 154
32 40
26 58
150 193
209 205
192 151
245 30
331 175
339 139
296 59
332 59
46 160
343 147
300 28
156 203
82 31
110 181
320 145
89 69
350 53
188 39
222 148
168 181
143 69
155 16
372 147
342 162
244 71
389 26
211 184
160 63
177 161
29 192
370 114
377 67
142 33
39 172
137 50
168 144
149 196
124 179
358 103
263 55
390 195
151 55
171 90
341 155
230 105
202 84
189 130
68 186
92 86
42 163
199 145
348 15
19 47
126 170
102 110
343 18
315 171
372 26
266 113
290 102
88 119
189 24
267 106
18 51
33 43
300 77
258 114
317 10
290 179
202 78
236 208
205 83
315 55
117 141
106 181
368 114
207 139
172 182
243 81
187 173
230 80
373 178
176 132
290 64
363 202
280 55
303 69
81 138
190 143
209 166
242 87
247 53
403 14
194 60
237 23
342 82
209 118
46 170
299 39
228 202
405 203
47 125
234 126
77 190
268 148
193 103
378 14
302 168
92 167
85 171
385 28
59 160
236 188
95 157
154 132
26 64
247 78
312 16
306 138
70 64
78 21
109 94
298 74
222 195
290 103
269 59
39 89
387 112
270 66
319 114
85 74
125 114
123 203
378 23
144 162
183 208
346 131
316 115
105 12
30 190
46 101
292 172
232 189
150 26
238 177
407 154
116 17
69 200
296 99
270 147
156 13
374 22
297 53
166 80
81 26
359 193
70 121
191 62
282 145
11 78
166 152
174 125
255 113
313 121
262 198
268 92
302 203
43 122
259 43
68 139
25 119
384 67
211 35
393 16
86 131
43 164
45 135
157 179
126 75
50 103
348 42
315 98
255 204
367 115
321 69
158 78
186 112
18 93
46 92
183 59
293 117
157 99
331 182
252 68
169 142
247 152
52 153
371 205
133 185
394 195
73 108
123 151
26 95
117 39
317 51
372 119
365 135
138 84
248 30
210 151
104 147
81 61
229 130
125 28
345 41
147 104
37 151
212 87
258 83
208 25
202 152
390 60
215 111
313 111
316 54
407 190
68 120
199 45
375 86
257 80
244 28
355 43
267 166
96 45
378 84
395 27
107 44
261 82
172 167
84 52
191 15
212 79
147 88
226 106
179 107
166 50
29 67
257 28
117 66
104 59
395 139
256 204
42 190
234 56
211 87
256 35
90 111
81 155
142 32
25 162
31 163
213 23
187 37
230 98
106 73
324 31
267 79
372 69
78 62
13 56
323 45
279 75
99 193
197 18
206 202
101 22
20 166
150 194
152 146
393 110
50 126
331 98
371 32
370 190
287 76
293 56
86 83
241 205
67 114
297 43
201 173
398 78
234 171
80 122
139 98
339 177
100 70
293 36
332 23
47 87
405 65
59 105
323 201
373 49
146 148
213 207
313 113
267 178
394 114
203 206
12 190
268 193
138 99
268 157
221 99
310 200
103 100
22 50
306 125
44 111
185 174
96 23
36 23
405 122
218 107
176 79
18 182
219 110
347 148
37 173
125 108
205 88
383 102
351 13
155 49
397 87
94 152
290 137
84 93
307 125
324 143
375 13
55 160
409 98
239 66
43 35
118 123
220 97
180 134
333 48
310 188
353 120
91 51
164 37
320 46
318 164
62 157
39 16
34 174
157 147
94 12
211 64
319 79
349 25
159 36
153 180
155 191
304 148
119 22
110 13
288 31
317 31
50 29
361 63
316 135
160 35
225 58
232 52
128 72
325 193
86 128
283 73
226 128
113 121
121 57
343 87
380 58
393 70
167 119
292 204
75 180
121 88
206 52
16 23
65 95
95 137
258 11
186 191
307 73
189 112
43 28
104 125
172 166
10 113
229 164
273 85
104 43
17 59
14 123
163 177
330 98
336 184
139 92
15 70
230 122
11 81
260 152
56 21
56 188
103 111
147 180
104 163
11 118
31 147
25 142
203 177
403 132
211 80
58 92
113 45
180 34
36 139
12 157
288 112
136 187
217 138
235 125
208 158
220 197
124 178
280 93
381 161
116 170
46 87
277 177
185 93
51 193
191 120
139 113
343 101
372 51
135 16
68 105
129 197
36 94
160 190
385 105
276 135
117 150
281 158
22 157
254 158
92 183
277 142
249 142
326 30
164 132
218 90
358 135
277 10
345 123
178 16
78 17
213 108
334 71
29 29
51 56
137 120
232 149
173 142
78 203
261 209
336 143
329 191
345 112
241 27
85 60
59 200
229 181
219 191
279 93
242 59
326 104
274 163
13 58
96 80
98 105
267 119
289 59
77 105
405 138
144 153
174 103
290 14
144 94
236 34
281 137
79 58
133 15
96 174
197 46
70 67
77 198
49 144
141 80
173 166
211 199
391 92
350 86
32 41
358 195
368 155
378 154
77 56
298 44
123 11
327 106
358 33
151 180
174 36
93 71
274 199
233 191
321 52
92 65
220 195
303 36
176 43
132 120
307 70
108 128
269 32
58 60
201 64
121 59
363 186
394 191
340 180
112 121
20 176
336 126
31 98
114 18
244 122
349 108
186 204
83 10
235 102
168 127
278 129
217 122
63 20
10 192
74 141
17 205
104 50
193 119
49 199
57 179
179 120
319 53
137 113
311 114
16 85
344 16
310 20
240 97
243 200
87 123
285 130
82 107
278 88
297 51
329 34
363 74
214 101
112 83
89 175
176 145
162 84
290 169
256 145
55 96
399 159
56 127
356 82
77 204
406 11
159 195
336 186
96 68
404 200
186 23
146 84
262 45
345 172
94 121
253 103
324 40
346 201
261 108
280 54
136 111
207 10
75 14
77 97
384 171
230 186
340 56
187 57
353 145
334 126
260 201
309 144
209 159
29 61
229 99
352 54
157 196
58 47
389 204
361 61
324 70
163 35
262 30
29 62
297 178
249 56
204 200
239 202
37 32
79 85
306 27
213 146
307 100
126 16
326 85
11 55
242 197
196 155
152 186
63 155
310 26
337 42
62 70
99 102
136 144
153 183
83 180
175 178
113 141
36 87
196 42
252 47
163 65
49 194
194 26
58 112
337 48
334 206
51 59
123 51
129 65
130 68
32 142
357 117
273 122
340 194
88 18
20 157
79 161
129 167
252 49
53 92
224 148
138 202
401 176
380 115
10 138
83 28
113 58
288 53
218 48
373 177
42 53
154 88
383 86
205 196
174 12
329 144
316 143
363 120
161 124
49 172
202 20
339 183
30 135
167 160
404 145
336 46
83 116
38 33
329 118
300 167
192 205
142 204
158 192
185 54
60 135
47 128
361 78
219 188
272 174
371 31
295 76
380 79
313 134
161 104
375 147
327 208
218 107
219 192
156 135
205 100
344 170
337 101
207 24
131 141
141 37
315 81
347 154
17 94
118 99
387 133
271 109
293 81
213 30
296 116
320 21
46 196
207 148
285 67
196 114
242 136
190 182
56 144
152 65
185 73
368 196
19 72
75 82
191 17
87 79
318 135
225 113
357 77
327 53
300 188
113 85
145 142
188 129
289 74
166 148
74 41
49 72
170 57
402 156
76 119
265 53
101 130
374 115
74 182
362 62
293 79
108 16
151 126
285 188
255 112
14 144
268 21
160 135
224 47
172 170
325 92
292 112
405 69
41 180
292 88
287 182
256 107
366 100
269 98
315 105
330 50
246 79
376 143
149 122
140 19
400 101
338 176
222 81
292 104
129 202
332 75
158 77
119 25
304 71
26 200
124 16
201 136
151 152
293 69
215 96
118 37
104 44
106 83
129 143
237 75
342 192
169 127
383 179
351 41
104 179
311 177
346 183
293 34
282 179
45 168
272 17
199 53
363 167
246 29
36 42
86 141
48 131
404 27
281 177
163 82
111 16
300 45
123 168
405 199
357 49
373 112
183 173
199 35
225 118
61 61
110 187
391 16
247 85
229 201
326 22
73 62
142 116
128 92
153 59
114 168
258 33
183 173
292 45
237 38
370 58
184 36
409 113
250 98
307 29
259 39
302 27
73 179
140 65
219 70
315 70
99 69
104 11
235 63
127 112
210 143
343 58
335 10
332 148
228 172
92 116
198 102
343 167
396 122
16 23
359 106
265 179
17 46
206 208
281 61
65 111
221 110
86 135
57 143
399 84
303 78
203 176
311 157
202 178
250 195
180 60
217 129
315 193
164 131
14 95
328 184
64 209
247 155
376 48
286 99
106 42
323 207
198 187
286 206
143 188
314 158
143 26
60 204
121 177
275 75
207 88
208 152
197 134
72 182
21 101
183 77
373 69
280 137
310 37
130 151
318 126
309 123
377 16
374 96
123 26
295 152
297 11
378 21
88 142
55 46
198 14
28 46
328 206
37 34
132 188
348 170
288 111
130 89
122 103
271 80
345 196
375 184
228 105
286 119
210 50
60 21
209 148
196 14
219 92
98 115
358 122
132 37
235 23
282 41
186 38
320 195
91 39
140 116
408 185
35 37
249 73
129 137
96 110
120 21
342 191
344 84
182 191
96 169
153 175
405 51
273 149
49 184
314 36
189 179
349 12
386 112
343 115
171 75
393 116
351 115
210 63
127 164
26 129
315 181
288 70
218 111
119 76
73 128
316 26
163 191
155 193
258 144
210 113
213 170
374 31
338 176
213 165
238 69
316 82
187 195
266 172
145 133
228 140
401 179
250 177
341 22
202 176
60 205
20 130
277 144
206 93
249 123
297 176
382 93
307 106
265 33
62 146
83 12
400 36
96 89
349 122
44 161
194 57
327 71
20 158
35 35
89 193
11 45
84 144
262 53
87 199
396 56
35 111
40 134
372 204
15 113
363 84
368 88
204 45
316 85
345 150
296 108
190 56
208 166
384 174
31 21
111 11
381 192
259 19
295 137
374 101
69 181
190 183
280 163
334 123
307 97
109 120
75 107
311 60
50 14
51 33
176 116
165 165
147 177
389 15
233 78
272 54
331 187
76 36
93 170
386 187
339 57
375 79
166 168
347 92
166 20
359 17
194 20
368 62
247 10
65 138
150 132
264 207
393 196
287 50
86 44
62 14
308 118
191 128
62 43
162 17
215 18
227 15
189 123
104 117
384 133
271 92
181 197
312 81
374 112
366 97
220 42
364 155
368 40
317 69
237 139
21 10
107 46
158 114
72 146
389 154
295 120
279 69
366 191
246 75
314 38
241 178
358 140
354 106
28 46
297 61
171 49
282 159
314 177
306 58
28 153
272 109
100 116
241 198
122 147
60 165
383 120
256 83
173 66
234 180
291 138
91 25
384 53
106 96
333 155
38 191
48 104
367 31
78 137
389 30
273 25
81 40
298 132
35 71
377 36
267 160
379 178
76 111
35 183
221 102
12 92
402 114
333 71
155 79
334 166
108 77
250 65
332 67
246 59
354 123
289 17
349 46
44 39
306 33
124 159
220 128
30 139
366 26
90 149
381 157
27 61
396 84
190 131
375 54
361 149
101 153
206 99
408 14
223 193
22 95
260 53
157 78
283 81
210 152
400 187
123 82
78 44
366 186
404 102
297 162
171 193
84 32
359 88
404 121
316 47
49 64
227 56
89 161
333 142
198 179
119 153
190 181
94 44
251 16
181 83
90 21
197 113
23 129
325 113
265 30
42 51
121 204
112 81
73 136
57 114
275 123
406 167
95 190
308 157
393 132
376 162
306 146
15 171
22 106
319 53
383 22
178 51
360 171
180 192
196 35
362 93
303 192
165 205
309 62
312 150
322 24
294 147
233 158
192 96
202 21
398 46
14 184
395 200
100 85
102 109
209 139
310 142
259 59
173 58
407 124
17 129
380 140
407 166
392 163
16 24
393 194
393 74
382 116
318 186
327 91
287 135
234 39
85 167
136 91
182 175
95 48
263 164
161 158
98 98
165 136
41 123
284 135
73 114
311 98
130 201
408 133
22 127
22 71
368 102
308 16
215 188
180 155
211 168
40 184
288 80
137 173
33 33
172 190
86 126
354 187
272 140
158 145
68 198
253 148
223 124
401 155
137 153
30 204
349 53
105 17
72 64
93 107
192 97
271 95
247 22
197 150
176 68
275 193
289 10
246 28
409 145
85 59
356 174
181 203
253 35
363 122
291 26
279 121
271 28
47 80
85 202
393 67
329 186
174 36
292 179
347 18
343 76
250 208
383 10
337 72
153 65
104 186
184 126
177 207
245 42
147 171
167 17
327 131
179 164
151 195
325 179
339 195
128 39
167 75
338 143
266 108
12 169
263 161
208 76
33 102
252 59
131 23
198 108
118 77
328 42
150 117
46 64
199 89
397 184
355 27
118 203
264 118
76 169
160 127
51 43
193 21
281 167
342 53
329 35
45 17
301 198
131 82
180 12
205 35
69 136
184 96
291 143
67 191
17 162
363 93
280 12
167 92
150 189
310 204
313 142
358 80
221 46
38 26
66 117
302 17
321 55
237 106
96 35
371 21
101 180
193 26
135 159
333 20
331 190
42 180
14 61
72 169
158 35
264 150
14 164
66 196
25 172
314 10
86 70
240 154
77 190
344 159
298 108
266 20
255 66
330 150
335 143
330 196
312 53
15 149
240 152
338 43
36 153
199 87
285 162
403 78
260 98
201 82
22 170
374 188
43 153
46 40
52 62
214 57
308 188
180 80
337 75
260 143
139 132
220 50
188 205
354 24
383 78
29 149
70 147
329 196
375 155
46 77
119 72
99 57
58 200
400 157
105 203
369 190
341 118
162 66
267 88
55 168
105 139
106 144
144 21
139 61
250 79
403 74
125 54
297 11
401 152
361 62
47 169
274 26
107 119
15 167
35 179
328 166
376 65
362 73
252 33
308 14
396 71
67 81
337 71
48 48
162 142
201 203
12 85
110 67
324 15
28 49
12 69
335 18
36 72
275 10
147 207
172 160
231 209
311 169
329 173
161 207
196 72
70 146
87 87
348 175
105 85
193 65
157 104
99 37
182 79
271 187
253 86
235 186
128 110
152 10
13 198
274 136
112 15
106 157
233 30
22 192
353 83
87 198
271 178
107 79
102 111
260 98
401 104
265 20
386 29
156 165
310 203
28 99
109 178
155 59
153 188
403 205
262 31
132 192
361 44
17 110
75 160
332 65
296 11
63 70
258 88
141 129
284 132
359 137
212 107
387 141
288 87
187 111
13 186
274 56
244 102
316 44
238 90
62 207
185 176
195 25
395 181
337 118
134 113
140 33
301 48
249 114
22 176
309 117
352 76
263 53
375 111
388 104
150 101
306 133
189 191
159 148
163 70
226 117
205 130
369 19
383 154
37 90
146 55
299 143
375 164
77 15
283 81
321 27
60 161
368 186
267 32
153 47
290 121
102 133
280 118
352 168
19 113
63 38
157 43
356 21
105 188
299 31
408 138
331 60
311 109
336 198
156 130
107 11
161 102
247 38
16 134
287 199
96 13
191 124
94 150
41 96
255 82
233 20
325 67
234 59
368 154
378 202
264 103
315 71
152 87
220 32
44 154
40 144
191 149
397 143
302 198
16 87
65 87
398 94
219 36
246 128
287 208
214 84
38 117
307 203
62 50
397 108
37 106
210 44
71 187
273 148
68 36
274 195
326 179
196 61
17 69
215 116
347 87
44 102
270 197
74 32
348 137
338 122
243 206
292 154
97 189
163 125
153 96
375 163
390 173
242 194
352 38
390 182
285 142
84 200
25 118
376 20
89 162
51 56
77 53
152 138
148 196
124 49
356 130
312 79
202 119
336 52
95 206
345 198
396 95
135 121
207 10
404 82
190 142
24 24
203 73
85 140
265 144
194 128
287 177
107 111
394 167
327 132
231 54
362 77
97 168
75 169
360 55
216 39
147 100
265 97
23 104
115 81
280 177
30 163
127 30
217 204
189 110
109 185
80 118
383 82
131 58
201 208
170 55
299 93
111 94
94 43
374 107
106 128
312 142
137 49
366 201
299 181
268 204
363 27
369 150
50 117
299 61
362 199
32 64
277 187
26 82
48 127
211 97
146 58
306 152
233 10
68 186
72 10
238 113
249 34
34 126
105 167
289 145
180 29
144 90
303 82
125 129
181 204
388 76
195 94
29 95
88 199
136 73
55 203
92 68
80 47
188 205
190 191
348 13
337 82
114 31
127 208
400 171
358 27
401 194
278 68
178 91
221 95
83 30
370 153
318 207
246 129
247 68
376 29
148 138
24 167
160 198
270 152
298 208
300 10
355 196
113 28
232 68
31 106
125 184
32 196
91 64
356 208
234 83
334 34
387 65
81 90
367 126
116 199
324 47
237 195
162 138
157 63
168 49
200 169
157 144
25 10
348 48
35 77
318 34
138 101
46 71
131 54
234 136
314 55
310 66
387 86
341 36
163 140
282 204
95 83
11 174
133 189
344 206
122 15
235 97
387 70
240 175
248 184
262 36
278 167
407 143
276 145
117 122
217 75
165 131
60 72
128 26
235 68
263 84
304 38
232 95
385 61
399 128
55 106
398 18
258 127
159 95
122 134
25 115
137 157
194 167
327 24
356 36
214 64
211 32
287 51
29 78
300 203
83 185
120 203
392 129
164 208
103 106
284 140
138 120
105 89
72 88
40 156
382 59
347 168
50 140
158 156
355 108
396 39
373 107
131 124
268 202
278 89
295 167
306 180
271 97
307 151
160 69
359 43
103 40
179 52
268 62
117 52
178 138
41 154
109 54
288 140
195 126
143 98
86 168
116 197
81 126
189 104
209 160
28 158
22 75
54 132
42 127
316 192
241 208
300 115
18 26
312 155
245 170
134 107
381 171
122 95
328 103
65 51
196 207
239 67
84 180
316 169
244 62
187 66
393 141
267 162
156 191
97 33
265 129
229 101
179 209
316 42
283 115
150 72
16 99
265 165
137 91
174 34
129 37
314 121
290 51
239 183
69 84
196 167
344 82
35 72
33 82
370 167
290 100
52 64
62 92
64 41
108 63
66 79
281 186
161 166
130 168
177 179
355 50
105 76
41 60
392 58
255 94
340 125
135 48
51 193
214 177
173 81
293 138
66 33
342 182
408 103
20 77
375 93
174 65
105 176
229 16
140 181
148 20
298 69
207 104
91 182
175 20
281 28
270 178
180 199
109 169
151 167
270 50
59 13
143 177
58 76
148 54
215 32
104 37
364 78
341 99
244 52
306 83
90 58
348 64
146 65
137 123
102 115
233 174
19 172
269 170
374 47
317 166
257 155
308 194
275 24
175 51
86 13
294 103
154 140
250 131
98 160
304 195
254 205
268 131
281 49
81 163
180 89
360 64
66 167
400 104
181 11
357 62
25 48
180 184
208 169
301 69
142 91
346 202
149 84
112 47
68 100
35 14
219 163
174 11
179 131
211 58
315 104
240 157
166 117
99 38
99 137
240 116
77 10
192 201
213 64
236 75
332 93
10 81
149 92
167 193
362 56
230 143
62 126
88 80
211 197
140 104
397 164
41 201
135 14
58 14
52 18
25 151
329 141
175 29
377 124
250 112
48 28
305 86
52 197
100 159
233 71
87 135
213 99
288 204
52 13
319 137
124 113
366 130
178 99
89 57
159 107
144 161
270 177
170 16
167 166
189 178
33 35
75 179
147 117
238 93
156 26
40 68
67 77
324 158
65 40
337 135
367 146
208 147
58 15
188 133
270 144
202 72
113 98
337 92
143 155
155 188
311 18
44 173
67 103
403 193
173 107
159 133
353 176
147 136
142 92
109 173
305 99
100 98
307 11
256 98
97 180
110 128
349 167
244 126
163 173
178 188
287 60
122 28
221 62
401 78
16 10
310 40
167 31
210 64
14 174
177 157
353 16
352 106
294 192
311 197
171 202
170 111
221 203
346 100
123 59
353 174
10 145
254 77
266 101
141 34
297 60
235 164
71 55
297 171
378 93
174 162
227 131
370 50
224 49
312 29
227 87
92 48
83 183
366 29
193 132
205 88
190 92
55 120
91 178
207 184
289 47
17 39
147 162
179 181
240 125
92 167
381 26
217 76
227 94
93 176
324 141
153 161
20 166
252 129
374 64
317 36
324 77
215 75
163 94
68 63
86 136
77 201
385 21
65 154
65 21
372 206
315 39
281 143
51 59
100 31
190 186
233 30
201 184
169 21
91 152
254 113
168 128
388 124
88 39
347 97
391 21
266 71
238 130
391 40
307 193
228 34
28 78
172 157
282 78
334 70
259 22
24 99
400 31
233 96
216 80
384 106
124 93
360 194
150 118
56 13
252 203
390 185
361 102
157 98
285 49
95 78
115 155
140 141
356 117
210 181
251 137
135 37
88 149
198 73
217 100
359 77
374 62
66 166
139 82
84 149
300 201
19 77
52 92
271 47
78 168
378 147
119 97
233 66
36 149
11 34
128 163
58 34
233 164
223 127
268 136
91 30
45 76
339 162
348 139
395 144
340 146
183 129
198 144
254 153
86 126
160 14
84 163
281 202
285 172
54 92
99 114
56 44
74 68
39 38
228 63
296 145
48 90
130 169
47 55
45 145
391 127
124 181
235 45
333 22
186 134
143 119
295 87
131 17
170 112
230 42
69 24
397 18
41 153
114 209
73 69
95 11
367 145
344 174
15 152
94 22
57 107
97 71
242 160
341 59
117 89
344 147
325 79
99 83
55 30
256 130
302 186
235 71
199 146
379 107
102 52
147 146
384 58
148 75
171 164
54 67
131 22
342 68
206 11
306 12
194 193
131 147
37 135
266 165
101 148
254 122
266 146
21 130
153 100
49 36
362 91
109 24
92 151
72 84
231 100
97 165
226 131
340 14
134 106
67 189
387 143
409 68
81 25
347 157
250 191
16 90
311 30
322 68
216 188
373 178
71 18
328 21
319 170
74 17
265 118
191 55
103 33
115 200
213 177
366 68
157 101
248 45
330 27
47 189
47 62
374 71
248 134
192 45
305 56
382 86
214 16
294 194
395 68
261 72
237 51
261 55
24 77
210 76
379 197
313 197
297 108
131 155
129 80
225 125
384 141
136 178
117 74
143 95
374 207
166 11
81 158
153 30
101 80
149 33
34 73
91 186
142 79
387 22
298 110
370 197
20 88
399 96
158 163
178 30
383 91
367 208
153 170
306 25
299 109
42 130
55 25
123 109
294 165
110 104
123 146
108 20
278 73
124 39
138 179
281 159
32 135
263 32
77 87
87 191
66 84
121 88
82 148
161 165
362 209
93 64
252 203
262 108
284 152
390 78
303 115
105 25
96 99
375 115
261 70
176 34
146 62
377 131
172 162
230 12
16 24
88 40
149 122
233 123
367 158
198 23
86 90
45 30
279 192
246 96
361 110
23 144
82 82
386 82
395 188
162 56
98 140
166 206
94 173
157 50
56 66
339 16
168 121
171 92
189 61
381 49
113 192
353 34
189 160
157 39
409 169
28 162
214 164
192 35
351 22
313 161
173 164
198 105
107 182
59 148
330 138
340 52
406 26
233 199
136 24
50 200
380 113
45 10
134 48
221 174
65 197
54 79
280 189
215 108
185 179
294 190
406 95
370 50
206 23
101 57
268 179
216 102
30 157
364 136
360 152
166 105
362 185
139 182
32 116
285 112
392 80
132 97
153 53
48 163
402 116
205 14
257 144
232 49
325 196
114 91
230 53
163 146
83 34
337 132
252 201
64 172
274 75
172 199
140 139
405 175
59 203
234 23
207 79
298 49
251 22
230 21
311 71
171 154
357 24
287 82
262 149
265 17
254 22
86 14
133 129
330 110
127 75
180 132
159 25
37 13
71 156
289 84
403 100
375 17
55 28
174 32
117 134
224 175
404 104
188 79
333 176
134 95
104 20
114 133
215 101
97 159
369 77
107 193
338 150
350 199
32 45
117 142
401 151
333 46
315 202
164 186
205 111
322 59
236 119
45 146
176 36
119 133
273 129
75 84
380 108
360 164
330 171
349 51
34 133
342 165
93 187
374 143
11 110
390 34
389 114
156 170
179 204
63 160
31 48
90 76
393 39
31 111
268 30
206 24
400 194
294 205
257 27
155 181
49 94
185 156
106 144
72 198
22 191
16 127
371 35
223 75
241 86
73 145
381 175
399 109
83 93
387 111
143 18
346 118
181 62
51 64
83 174
24 70
275 196
323 132
69 49
355 143
284 137
190 106
391 150
281 10
163 167
309 57
304 121
300 88
369 22
222 200
328 198
117 82
65 28
383 101
285 179
237 57
50 56
279 106
97 97
307 47
57 62
342 27
106 151
137 148
172 31
351 10
33 71
231 82
392 38
189 204
195 208
198 185
331 124
124 89
115 154
182 164
43 172
219 39
166 125
24 42
350 56
257 39
342 146
85 205
383 194
357 175
223 48
405 111
288 60
100 206
245 16
41 152
34 137
239 115
316 17
130 129
159 105
106 175
175 30
407 141
304 105
126 54
10 203
131 42
407 64
407 43
335 44
69 196
375 67
183 113
37 197
334 194
23 138
162 138
372 67
199 96
178 58
192 19
42 10
328 35
282 185
303 22
281 124
353 96
176 60
62 191
359 65
389 206
398 20
178 151
189 121
266 199
301 53
277 149
25 164
283 138
399 110
401 104
364 138
54 140
279 156
42 150
60 179
255 51
140 198
130 176
162 25
395 129
297 202
226 123
45 121
229 47
48 207
408 48
110 198
76 168
226 33
179 21
202 61
131 106
201 129
217 43
44 34
208 88
159 26
274 62
240 34
365 114
179 189
218 56
296 39
362 75
91 157
354 78
363 95
393 130
269 180
64 153
369 68
65 130
373 28
314 54
24 150
108 11
114 15
383 62
83 197
297 206
313 200
207 23
165 55
154 173
160 199
286 41
154 208
375 128
164 185
229 58
367 77
106 161
68 85
48 171
277 64
336 129
164 144
97 169
354 151
206 169
26 10
156 149
400 61
314 42
52 119
393 68
284 151
254 109
161 15
181 23
72 97
248 164
147 55
145 196
185 14
76 71
84 150
401 51
153 131
401 152
126 200
270 50
39 37
16 151
305 30
373 98
370 47
169 151
400 172
294 152
162 173
269 119
180 34
278 28
47 83
229 58
136 76
317 37
280 95
201 207
284 66
105 76
397 26
314 50
258 80
377 156
309 19
329 209
164 86
195 96
393 76
365 79
268 169
46 133
103 43
225 45
378 105
184 140
320 74
403 172
353 178
353 98
330 136
39 52
314 11
287 207
319 198
50 120
304 49
392 146
252 67
239 120
99 173
139 179
194 160
397 150
21 138
103 104
409 37
159 49
144 192
146 49
136 66
331 141
30 164
84 188
223 142
76 145
191 141
25 49
189 147
32 136
327 48
67 135
282 96
90 153
29 21
21 181
238 23
65 22
125 72
137 202
56 172
303 48
166 25
219 78
88 92
83 170
333 141
108 23
101 83
336 169
248 203
320 133
168 173
380 59
36 111
96 173
79 126
33 13
400 154
25 162
123 50
399 75
304 24
11 135
98 30
312 92
43 89
107 135
382 84
147 171
77 96
225 189
364 163
314 40
102 31
266 100
78 133
203 165
137 185
23 113
90 160
107 33
221 39
300 19
88 85
174 64
159 20
147 106
104 76
273 120
110 209
359 61
217 117
128 102
158 25
377 27
371 193
48 23
22 93
14 195
174 31
183 128
194 154
142 148
233 111
206 95
66 46
279 54
21 107
278 39
360 119
200 22
391 145
304 15
286 36
151 134
345 75
195 108
190 82
316 178
377 118
90 91
408 120
323 84
216 134
132 48
272 155
173 82
76 161
386 113
285 163
368 179
255 127
13 35
91 196
194 29
302 137
269 93
74 78
146 34
251 127
275 16
349 102
272 86
108 176
112 45
187 147
352 179
73 165
75 159
337 105
331 37
130 166
398 132
366 153
93 183
150 36
202 57
150 71
392 92
109 190
303 19
64 75
207 150
384 189
293 118
201 24
300 74
27 207
38 34
222 184
268 50
258 15
146 201
197 150
189 122
57 132
393 34
117 107
135 180
154 62
324 169
121 50
304 180
243 84
157 69
241 123
198 92
197 208
114 129
145 108
409 201
311 56
22 108
112 155
222 124
401 143
128 120
170 21
333 35
113 147
266 134
223 35
131 197
345 53
323 81
114 192
385 193
142 181
333 111
282 36
316 176
155 187
208 203
85 123
267 118
349 46
213 141
368 95
12 197
20 184
60 177
192 90
80 66
376 184
183 68
28 149
218 198
98 39
173 34
32 188
179 14
382 156
23 26
140 23
105 51
64 97
358 128
163 106
44 19
348 139
363 186
12 102
191 23
92 45
206 148
116 86
397 179
126 150
360 141
203 51
65 33
164 182
153 95
179 153
317 94
114 13
210 99
164 184
20 187
83 109
300 202
202 107
176 69
308 91
63 157
53 188
173 141
56 25
188 30
88 190
364 33
210 39
100 189
347 58
145 161
366 61
350 204
57 147
293 43
41 107
277 172
18 121
101 152
291 137
215 101
106 186
177 13
20 104
312 57
120 36
333 155
149 63
397 50
312 180
148 167
115 86
289 96
58 19
208 74
271 95
196 28
49 155
131 82
113 128
407 95
245 207
273 79
192 138
353 188
65 128
131 207
139 13
92 193
101 56
278 123
147 202
361 155
229 59
234 127
303 127
280 79
313 169
180 182
135 135
305 153
11 190
61 132
105 63
222 153
204 90
224 146
183 186
350 209
159 34
112 70
391 142
36 169
316 69
191 16
402 133
245 35
46 175
376 182
54 12
318 47
357 153
310 64
228 175
44 71
149 63
315 165
289 44
386 148
278 192
202 69
265 172
311 40
130 106
173 132
72 125
196 66
218 92
127 133
144 90
266 77
177 138
387 77
230 129
251 153
287 44
332 196
180 84
108 129
223 79
339 64
264 33
314 155
241 27
356 145
244 178
145 147
185 99
161 134
156 126
22 136
31 200
221 126
284 102
287 117
317 142
386 24
351 160
133 146
148 62
269 196
56 184
249 89
183 162
60 103
365 122
268 209
366 53
407 123
295 49
38 38
404 16
84 165
68 123
160 159
57 109
160 118
325 178
89 62
242 56
397 90
64 165
197 164
308 169
111 155
46 109
89 178
172 100
191 143
366 137
305 161
122 193
184 46
209 194
314 115
369 21
12 101
380 136
88 16
377 198
384 190
26 131
113 146
46 43
123 150
247 42
384 82
62 50
283 117
117 192
51 80
270 207
400 177
155 138
366 198
358 196
95 36
129 122
22 166
112 99
289 177
358 143
294 128
157 158
258 75
106 162
397 45
16 144
146 134
212 139
126 134
33 66
343 68
141 186
335 54
155 70
152 194
131 103
299 164
191 79
68 128
183 122
192 82
175 71
393 188
191 99
305 128
115 56
46 167
356 188
309 74
232 204
170 199
213 114
406 141
380 180
394 27
67 184
83 151
83 77
142 123
212 11
46 76
389 158
348 13
288 55
47 113
157 123
284 129
102 32
63 197
268 78
75 54
200 154
254 131
340 89
153 194
347 58
302 90
365 77
218 94
168 139
22 76
116 197
136 159
173 106
128 187
71 131
144 63
397 34
170 87
314 83
337 162
316 121
233 169
357 27
16 98
404 25
81 123
323 10
182 67
290 111
158 22
197 14
384 111
330 87
31 139
269 179
270 123
351 207
102 34
308 203
21 184
124 55
281 166
228 16
110 131
94 88
228 63
126 204
276 94
183 106
180 159
37 74
345 173
140 84
317 125
161 10
210 113
136 136
118 205
78 89
327 136
311 68
312 94
267 199
20 171
188 10
66 170
283 47
186 15
379 184
360 66
326 130
78 149
64 33
127 87
185 76
329 35
214 147
194 50
194 70
343 112
161 111
112 54
165 82
168 187
21 132
316 104
378 90
146 196
316 76
220 22
29 138
77 17
259 13
267 189
348 33
261 51
366 153
183 73
349 180
28 95
192 15
116 105
389 67
326 190
148 120
215 32
18 178
315 141
55 19
331 117
370 153
216 61
251 73
351 12
25 52
190 20
309 49
261 19
399 108
321 138
96 118
69 62
32 180
282 37
152 76
89 163
330 133
102 86
144 70
127 175
387 18
36 106
333 75
362 119
112 109
123 186
248 148
49 175
143 104
371 171
224 192
222 143
334 125
343 70
325 105
32 153
193 47
409 73
174 100
169 197
400 110
317 12
341 84
161 157
327 191
269 77
53 136
385 57
85 194
52 28
387 96
57 92
301 114
371 72
162 188
107 164
232 32
143 201
125 30
253 110
224 56
385 28
177 203
107 160
182 179
196 114
304 29
338 118
366 179
43 128
336 68
39 118
142 138
232 41
201 48
110 59
306 164
86 31
11 153
387 62
331 200
304 14
70 16
117 152
43 107
72 33
255 195
405 41
331 101
241 51
18 164
364 180
278 185
261 32
187 139
370 153
395 185
128 153
123 159
40 194
286 113
227 19
393 153
287 206
231 207
82 128
142 98
382 169
242 74
262 13
152 207
272 18
142 47
139 27
57 196
163 204
382 85
99 118
373 87
234 37
43 122
258 201
87 96
173 10
368 124
256 23
140 168
116 153
236 137
138 99
38 55
319 53
83 159
241 98
299 203
177 78
61 22
297 68
148 104
320 38
358 145
107 150
62 59
135 181
141 120
148 171
92 190
276 142
373 184
260 198
259 72
282 56
119 25
16 97
205 26
16 110
78 23
337 154
214 146
32 176
217 139
114 113
386 123
345 151
300 183
21 195
389 187
125 157
176 133
191 162
217 92
324 34
94 89
87 91
204 156
120 128
296 82
75 30
240 165
278 16
17 61
348 33
41 174
323 83
159 154
221 37
130 64
149 138
272 116
328 128
361 178
86 118
370 13
24 202
286 125
69 25
266 97
384 128
215 152
100 91
398 78
131 36
367 165
107 174
43 194
282 162
259 58
323 114
32 181
49 140
244 106
316 154
32 19
170 32
328 33
151 189
116 203
232 205
104 44
13 173
167 155
165 33
355 46
166 132
40 137
189 62
10 172
291 98
91 163
97 64
178 130
181 72
73 208
229 129
197 179
131 25
107 173
18 45
289 46
56 179
51 49
245 54
200 115
179 170
324 146
318 17
46 10
37 158
357 150
386 95
318 13
294 104
193 138
137 174
118 24
209 80
90 30
208 37
310 56
131 74
337 95
408 51
229 106
336 181
224 28
54 129
124 175
46 139
48 49
209 99
344 78
280 115
243 135
359 139
220 42
44 162
76 114
168 166
173 176
174 62
130 122
41 157
149 99
67 209
401 51
147 37
289 200
134 180
200 100
369 120
259 186
22 10
347 156
54 26
272 78
214 177
227 88
116 76
146 40
348 84
138 30
118 172
87 204
274 195
80 38
167 147
401 190
40 209
360 12
345 102
68 92
400 53
203 63
303 54
252 118
17 114
20 92
51 160
292 140
245 32
34 172
241 22
175 56
283 208
218 90
281 35
323 96
245 140
210 126
49 195
281 14
315 76
167 45
225 193
367 16
198 178
248 38
198 15
54 144
342 207
329 142
223 202
276 196
141 68
97 101
195 170
35 135
386 194
267 80
185 198
32 134
94 114
105 117
206 135
396 76
114 126
93 129
259 81
319 159
15 62
46 93
268 157
128 185
349 84
41 133
259 41
14 192
133 136
221 168
227 126
75 38
375 205
349 194
397 56
124 114
372 194
242 181
389 34
58 197
228 10
407 116
38 88
163 117
354 28
44 127
138 203
378 174
268 36
99 154
371 145
210 84
388 24
230 158
70 18
103 194
225 59
351 54
298 44
342 30
206 94
286 42
382 152
176 90
249 98
311 72
240 138
219 53
182 199
257 62
278 61
193 32
282 136
55 82
313 117
95 146
176 189
395 74
20 123
55 156
311 24
15 92
250 28
367 101
146 152
202 175
238 18
239 128
311 201
137 48
40 82
182 41
161 90
347 126
407 141
118 35
190 166
180 30
409 143
324 37
113 172
43 56
133 115
201 56
369 166
12 112
66 189
147 187
296 61
22 15
221 134
149 152
261 164
334 55
247 147
339 196
123 193
123 178
68 14
87 59
352 63
392 43
397 52
383 185
94 118
261 35
30 197
316 26
309 73
277 174
249 176
148 43
55 111
49 124
242 12
289 134
363 75
356 25
33 192
128 130
203 197
206 124
228 132
131 137
21 143
370 76
394 101
63 168
366 40
199 54
376 77
79 11
378 76
218 48
231 65
207 142
150 17
298 34
228 73
162 61
30 68
107 191
383 163
317 93
183 42
212 177
381 49
281 145
150 24
321 186
71 62
293 110
231 124
210 123
40 61
321 71
408 33
282 65
243 106
356 66
43 70
160 139
394 199
231 88
71 128
209 54
56 49
104 209
23 12
380 169
328 104
104 62
298 78
53 154
188 146
110 29
353 164
147 207
407 72
18 121
373 19
290 13
115 56
146 47
270 162
146 188
380 82
256 163
188 90
214 88
258 131
321 120
34 180
245 186
235 117
144 115
295 83
204 69
399 52
169 129
259 141
379 42
75 74
303 28
72 183
19 181
286 116
119 75
342 198
223 62
223 116
26 175
117 190
328 40
53 109
343 14
319 39
78 173
381 202
222 107
115 19
294 88
360 191
343 84
308 81
215 130
266 21
233 195
328 61
28 54
108 35
19 30
154 30
181 133
27 120
38 112
328 15
326 178
23 82
120 205
405 47
22 166
21 26
179 137
56 176
81 118
157 109
292 130
203 107
87 152
397 85
125 81
157 75
235 130
212 86
356 21
112 134
245 123
167 153
98 185
236 31
320 16
80 44
148 193
250 86
28 40
330 192
173 48
26 55
141 168
54 202
274 45
318 31
314 32
41 99
268 89
76 74
383 12
348 193
282 163
320 199
268 116
395 139
285 109
296 130
196 61
134 32
346 116
246 49
126 69
403 32
155 123
130 40
104 147
26 209
174 145
245 166
239 13
311 60
116 54
175 29
152 87
123 150
292 34
369 86
314 187
172 120
102 94
20 122
49 108
97 183
184 169
160 194
301 105
295 93
172 69
102 104
289 40
190 197
248 32
327 156
37 153
189 35
37 99
10 192
20 23
42 42
192 197
282 77
318 115
114 44
268 65
133 155
359 24
23 85
398 132
335 164
390 175
221 184
272 201
173 114
312 205
92 49
222 85
26 61
250 208
65 121
140 187
326 38
242 118
333 30
46 120
17 166
167 110
357 80
95 152
388 104
324 36
240 37
219 48
57 42
90 162
300 142
36 34
46 129
219 50
25 16
272 12
71 170
127 125
44 140
218 105
377 161
386 87
269 78
269 30
239 78
228 32
26 122
92 206
168 187
200 188
194 98
77 15
134 40
294 28
187 145
361 170
129 143
25 163
284 76
349 71
115 72
289 186
212 44
252 127
106 61
98 85
225 133
139 65
121 23
292 11
313 18
132 21
150 56
337 122
117 175
180 108
365 47
298 201
145 133
316 118
380 87
290 132
125 17
324 162
246 56
209 75
143 150
19 26
80 61
146 27
287 54
232 100
183 52
373 68
10 149
229 162
87 185
350 169
95 46
110 99
405 59
101 163
21 100
190 48
135 205
180 127
307 195
227 39
262 151
172 155
342 20
317 35
131 163
256 45
159 188
291 131
399 176
88 36
210 101
334 143
337 58
127 172
344 116
331 110
341 160
214 207
206 177
125 10
119 180
79 55
196 146
377 138
268 199
290 61
271 17
249 31
185 170
379 101
327 106
266 160
297 86
282 183
153 189
14 150
236 117
226 207
278 194
394 168
227 143
123 182
51 88
88 25
181 118
225 23
135 156
263 197
317 19
130 51
160 129
22 120
41 143
35 150
303 74
285 190
333 177
76 127
55 17
84 68
206 126
119 196
113 164
137 126
391 69
341 91
395 171
143 38
199 207
345 146
52 67
137 76
145 22
59 65
146 150
83 96
43 10
246 155
157 24
122 42
255 69
395 32
17 91
15 26
350 152
124 206
272 189
392 48
72 115
258 43
45 165
319 174
52 34
295 12
322 105
129 105
15 67
44 73
139 139
160 27
405 137
308 111
329 159
337 68
153 187
119 53
128 111
303 61
35 117
16 160
121 79
390 203
284 166
64 31
336 65
217 82
52 73
297 95
247 98
44 151
77 149
356 168
98 108
363 77
398 100
59 166
57 18
49 185
352 192
271 65
137 191
369 126
52 193
291 197
275 135
97 178
299 168
79 67
11 43
10 174
221 207
207 46
123 201
266 194
83 87
209 47
62 171
354 23
141 185
90 105
53 28
232 123
189 197
402 78
53 78
406 161
329 118
307 193
38 174
185 103
77 180
254 25
390 133
355 62
294 185
391 116
244 177
202 189
184 76
132 42
261 203
390 77
249 33
209 173
243 87
231 78
212 87
383 128
89 175
140 98
328 152
256 141
232 152
269 173
166 197
380 38
134 187
290 155
87 199
224 141
137 93
10 113
307 143
138 195
384 95
325 11
298 32
382 101
331 55
218 101
223 39
20 130
126 30
210 58
184 26
296 118
177 48
379 32
384 206
392 106
227 31
38 177
37 87
298 58
243 96
346 92
283 36
259 22
181 203
206 106
326 168
305 178
243 111
179 18
212 50
386 94
89 21
264 133
49 38
330 126
24 185
99 194
80 170
369 67
36 180
319 187
105 106
259 104
38 180
296 151
294 204
190 198
203 106
161 110
213 21
136 161
259 34
206 120
361 82
22 192
83 39
331 46
153 167
134 57
291 85
100 71
79 148
278 66
256 101
74 36
313 27
42 193
187 197
180 205
108 28
122 206
73 93
315 90
108 105
338 108
321 163
109 115
86 186
17 131
161 88
267 200
247 66
138 168
73 193
12 49
177 55
38 59
47 126
88 87
253 22
143 41
137 150
93 209
212 69
310 200
22 49
13 17
244 136
15 78
405 45
45 13
402 93
304 50
236 58
216 70
242 144
390 120
306 158
266 84
256 143
127 25
230 209
38 32
283 54
193 121
294 146
305 120
20 92
321 152
329 113
117 62
36 44
381 50
53 162
398 121
163 198
131 135
137 24
16 83
210 188
391 179
245 192
31 186
114 125
290 151
205 82
53 183
170 21
253 150
90 12
368 138
149 115
58 41
153 190
369 140
113 130
299 107
281 151
79 123
33 80
41 46
401 62
210 50
220 90
111 84
24 58
40 142
237 30
236 63
107 171
403 162
225 55
100 74
155 158
121 172
108 69
240 45
13 53
146 70
404 154
121 125
152 53
126 38
291 94
97 97
90 134
173 142
282 92
346 62
243 151
277 68
105 187
381 69
56 23
175 115
280 70
85 192
257 157
122 193
385 149
337 88
347 48
247 63
195 58
53 162
72 40
251 140
400 20
330 117
106 12
192 18
144 47
265 85
220 161
372 31
396 153
52 123
185 89
376 173
180 86
270 75
402 170
227 11
10 102
109 133
396 27
205 106
69 178
31 77
272 98
68 176
47 187
66 35
362 201
298 113
167 35
11 19
10 156
405 169
191 90
384 37
150 181
174 67
302 114
78 23
374 33
18 77
160 83
308 134
198 128
260 17
353 144
389 185
136 184
137 94
374 192
10 198
16 122
107 85
229 21
302 187
406 68
183 13
39 193
368 110
103 21
30 120
45 108
85 77
371 140
88 27
296 39
147 192
128 34
60 105
175 157
231 113
343 11
233 89
125 124
271 163
274 202
321 11
225 144
273 112
36 50
136 207
236 145
83 209
385 205
105 166
278 128
193 90
81 72
257 207
202 133
74 171
305 189
195 180
213 84
34 17
371 208
114 130
379 180
242 83
137 58
298 205
178 95
116 149
173 162
328 129
389 133
231 24
108 143
333 106
306 16
209 128
310 143
367 125
221 97
312 93
161 91
408 149
59 105
88 203
67 96
196 79
119 121
96 58
155 127
263 133
272 116
373 198
344 158
21 111
393 72
13 95
224 30
121 190
407 160
37 107
362 27
367 207
295 84
124 183
309 207
330 102
22 175
165 154
351 23
222 72
135 200
265 194
382 76
406 112
257 114
19 61
219 179
224 131
94 93
98 25
322 149
124 76
141 42
59 36
372 176
161 153
32 163
20 133
21 68
280 164
143 73
154 177
222 39
398 154
371 203
172 88
171 194
54 151
284 118
94 29
334 162
214 25
172 159
327 73
74 144
309 153
346 162
67 80
10 73
243 117
15 159
161 82
24 182
145 16
252 120
374 60
358 61
68 120
82 77
136 148
376 14
375 183
217 64
308 169
247 175
54 115
330 193
281 169
272 57
36 54
84 123
267 105
51 121
165 71
203 93
97 40
277 160
340 119
180 178
230 60
190 50
79 108
219 89
380 52
364 35
182 113
125 54
309 116
382 29
160 164
142 63
56 77
121 60
86 87
373 87
386 42
151 66
246 185
299 183
338 44
371 131
321 98
31 56
268 22
142 107
189 154
20 170
327 25
77 34
308 42
34 200
159 186
233 31
403 24
225 130
67 39
126 34
172 112
161 130
344 166
380 81
340 150
261 79
20 70
137 140
182 165
179 110
164 204
397 89
174 108
358 43
247 175
148 168
271 83
252 28
401 69
368 112
45 130
264 79
217 172
84 168
404 34
161 126
251 57
26 87
271 170
369 82
54 36
14 125
34 204
311 190
271 25
369 200
224 61
38 40
157 33
23 48
246 88
211 115
299 48
297 74
318 12
267 31
265 13
228 137
397 193
123 71
218 180
136 144
278 207
294 122
184 71
153 10
68 128
67 195
188 25
242 138
324 97
171 26
54 114
381 67
408 133
143 153
171 22
348 18
85 161
321 71
305 149
227 55
310 81
70 104
229 148
348 167
343 145
138 122
263 155
290 189
363 165
236 98
24 14
406 28
278 178
14 85
162 172
157 54
260 203
406 168
368 122
31 89
48 109
336 129
130 65
394 205
78 59
74 59
171 68
301 119
370 203
310 149
194 123
46 17
390 46
235 196
180 130
228 31
328 68
68 173
129 83
126 60
281 182
336 140
202 40
250 139
223 82
384 72
137 98
286 86
20 123
253 19
41 101
35 26
85 94
15 71
362 161
405 97
116 126
406 196
79 194
229 103
183 17
53 107
64 105
295 174
87 41
402 23
392 138
35 43
273 124
232 190
167 196
280 102
312 12
214 141
225 179
197 101
208 143
77 201
109 161
46 33
341 136
261 110
39 161
205 87
291 189
280 52
78 27
318 89
43 159
357 37
327 115
146 155
276 21
319 152
73 65
206 183
183 105
252 138
255 162
313 201
290 145
295 31
233 174
48 83
103 175
14 133
75 136
53 58
10 138
52 10
60 58
28 79
230 139
303 48
376 118
382 128
104 113
252 89
95 133
86 108
162 101
263 69
324 124
22 106
250 46
387 13
367 90
227 83
312 126
184 139
75 12
292 115
12 108
399 71
232 49
39 124
214 104
328 165
58 134
13 99
220 90
181 186
392 195
105 121
311 147
268 194
286 140
84 83
246 138
297 12
140 73
76 163
361 80
138 164
165 103
240 140
24 109
225 136
401 149
22 162
122 177
342 148
11 79
86 184
286 107
274 199
51 38
348 24
293 86
132 195
93 110
314 167
150 39
256 129
256 38
131 174
393 56
27 90
248 12
17 42
92 16
337 71
293 119
240 180
177 105
288 11
26 179
33 90
366 176
282 115
287 160
408 28
315 81
358 197
367 139
222 184
408 56
399 190
362 172
320 71
133 153
387 209
148 150
285 54
24 145
86 95
21 194
316 134
266 147
237 162
231 133
36 108
362 84
243 66
219 61
115 73
297 103
360 80
371 168
184 107
60 97
156 93
249 93
280 170
205 142
312 36
103 17
348 180
394 82
166 99
254 131
145 66
149 25
36 167
144 160
167 200
322 81
326 53
101 192
147 17
140 50
368 185
313 55
110 169
97 197
368 43
28 205
19 65
257 50
290 197
177 30
261 55
210 103
297 135
64 67
22 27
159 16
301 67
324 55
193 83
309 66
24 169
366 115
369 159
101 103
104 83
16 195
151 198
37 37
384 122
98 143
233 88
238 47
278 120
96 42
61 129
351 91
214 36
154 174
354 36
345 106
30 129
371 14
280 54
33 179
337 183
291 19
131 23
162 144
340 41
21 47
236 189
264 167
131 157
250 205
255 88
69 106
333 55
84 127
46 55
144 55
84 206
331 175
60 193
369 169
270 109
27 15
227 109
166 118
103 28
340 176
207 11
66 79
349 69
297 15
241 169
264 155
226 199
338 67
221 63
244 12
157 126
202 201
173 42
227 65
202 169
146 200
43 205
214 34
53 162
284 109
10 163
371 95
35 58
32 64
238 198
324 161
201 10
171 173
95 12
229 151
402 83
219 68
347 69
106 66
62 151
52 113
161 182
24 17
62 62
398 13
358 137
391 63
169 139
356 107
116 75
342 88
362 164
342 148
230 44
183 39
303 69
136 180
221 98
94 195
27 12
386 138
222 151
311 190
341 102
110 164
338 126
381 76
168 18
301 89
324 202
35 74
273 33
210 205
375 127
143 28
228 165
245 144
158 151
266 14
71 14
290 111
161 31
210 148
324 46
343 82
191 191
104 90
11 86
409 60
166 85
242 181
367 158
160 110
253 82
122 167
148 42
278 92
74 156
77 95
135 32
284 63
76 122
109 63
230 187
101 201
131 124
111 141
356 154
41 28
83 128
221 74
343 137
228 68
389 174
310 174
217 143
404 80
22 181
89 170
186 47
222 189
325 131
222 60
380 32
138 171
185 41
29 159
293 172
354 206
377 188
389 32
257 205
215 62
355 54
230 178
238 99
204 199
197 67
327 18
62 23
361 186
183 109
289 132
249 108
42 154
63 80
274 45
152 192
397 144
331 166
267 183
155 63
312 120
187 28
162 56
339 184
288 201
292 123
161 43
265 86
339 73
398 128
373 85
405 137
159 111
295 109
352 177
312 43
312 15
190 78
311 77
147 51
230 153
121 180
53 27
269 109
292 98
159 182
214 121
225 120
275 121
15 115
317 145
94 198
165 92
295 184
207 146
69 152
195 193
365 144
389 53
334 128
247 77
346 128
269 80
164 76
258 16
250 15
346 70
388 74
135 39
77 20
64 86
258 198
222 81
313 183
377 48
36 78
83 171
278 190
131 51
213 31
245 44
16 146
335 193
195 101
183 25
73 192
147 185
177 191
289 58
276 169
73 68
358 120
144 50
203 194
334 184
205 191
178 67
155 148
164 185
51 96
203 57
274 77
337 91
395 145
99 106
391 141
13 65
61 198
406 101
195 34
136 25
179 85
195 159
128 197
65 110
235 99
253 191
97 91
128 181
56 101
93 123
250 13
254 120
176 176
45 113
211 144
71 118
47 161
398 72
394 37
47 96
99 165
260 28
382 18
266 94
207 83
37 181
36 127
194 104
376 69
301 96
374 26
261 93
299 155
61 132
31 84
404 64
373 40
311 79
192 209
309 126
376 202
36 167
158 204
322 153
141 150
14 97
257 185
72 184
29 186
183 85
39 89
345 165
54 186
32 32
383 89
235 141
60 92
258 209
79 196
103 68
294 44
25 180
95 196
122 15
237 64
99 146
347 141
263 175
353 188
310 191
101 19
35 28
131 167
71 83
256 126
119 136
27 157
36 186
278 37
242 72
68 115
11 148
307 200
164 167
283 182
65 133
279 60
149 203
36 132
108 142
168 187
172 13
278 121
184 66
286 122
248 69
170 20
150 98
358 58
106 76
367 56
184 17
48 79
264 144
328 179
167 49
352 44
204 180
188 186
206 148
161 36
36 117
102 147
380 84
301 146
192 30
403 121
53 44
54 179
22 125
135 84
178 148
336 159
17 12
376 86
236 209
228 67
254 185
160 47
165 171
223 66
109 86
191 74
256 29
241 199
374 81
24 110
371 160
303 36
386 181
31 47
76 200
177 71
94 40
18 162
201 133
405 88
363 163
381 196
175 28
106 180
192 109
371 107
276 148
262 149
39 88
252 75
357 185
384 144
236 74
353 18
384 60
118 53
337 173
354 156
27 145
73 202
93 199
225 145
188 192
380 137
120 123
277 66
142 141
217 13
272 175
152 96
307 152
123 137
167 92
137 109
124 197
53 113
211 138
378 113
130 45
346 47
221 145
18 70
65 155
98 47
178 96
109 92
328 152
172 19
101 89
295 166
282 207
118 65
395 171
325 187
64 106
407 192
350 135
364 54
389 123
214 14
42 180
392 62
408 148
208 85
339 27
103 118
46 48
230 177
77 76
139 62
381 55
268 92
195 39
107 105
306 126
235 90
209 67
274 141
236 108
96 85
329 35
175 182
126 134
171 10
274 188
163 156
337 180
224 34
164 64
182 200
112 146
26 115
29 190
339 58
202 177
227 76
335 96
199 158
100 27
317 124
80 139
118 35
388 50
60 108
345 11
198 99
167 122
106 168
376 12
210 158
396 178
82 18
302 162
104 102
310 31
69 15
209 58
363 188
222 176
88 176
106 174
370 50
95 195
387 66
168 125
216 70
136 111
132 71
124 41
26 54
398 96
250 19
219 96
299 191
327 183
139 135
336 147
355 20
288 55
207 193
311 146
60 13
312 25
242 170
146 38
308 141
370 152
341 103
24 205
334 171
87 38
238 17
401 114
17 162
402 101
356 173
219 122
23 194
307 143
227 181
361 88
335 76
268 70
46 45
46 194
347 42
391 21
200 94
118 121
259 85
61 181
218 30
94 61
288 100
272 201
369 110
343 183
130 60
195 203
60 51
263 38
331 106
285 124
130 38
56 178
225 179
218 184
234 92
119 68
48 12
393 111
65 166
150 180
294 146
255 46
104 202
298 33
213 116
386 84
291 192
93 189
405 60
159 77
268 22
158 206
271 58
117 34
141 125
252 198
130 73
152 71
153 81
255 179
130 48
79 148
372 37
95 184
388 26
406 108
343 157
91 67
196 158
92 105
13 34
275 45
287 136
54 167
376 74
190 29
393 126
42 108
13 53
309 189
409 131
373 102
403 33
182 139
72 80
166 141
152 15
322 66
117 46
161 60
29 203
175 38
387 165
157 37
85 160
295 60
73 81
214 194
153 58
375 71
386 79
283 101
23 50
176 60
315 68
273 96
127 61
394 183
72 30
366 14
213 181
364 11
399 34
175 64
353 207
230 174
267 68
323 121
146 164
311 123
218 122
190 27
310 176
215 39
79 178
183 167
244 174
78 188
273 134
74 73
355 130
59 153
186 175
231 185
32 53
174 15
265 48
176 84
107 12
158 142
49 111
351 201
186 201
244 94
391 183
190 156
198 209
318 207
120 184
13 54
217 44
301 121
241 101
96 75
406 73
55 188
261 189
78 66
305 159
86 130
58 164
371 129
82 29
215 64
284 63
46 167
358 139
172 88
201 195
308 88
318 62
187 106
404 158
172 125
319 152
12 158
82 148
225 153
32 182
143 148
207 67
339 140
175 72
19 61
346 128
309 124
44 20
352 79
341 184
273 47
140 148
78 69
182 160
400 131
392 59
236 76
185 206
194 102
171 84
90 175
12 117
28 126
376 59
31 91
305 21
21 18
305 122
389 12
351 112
136 47
369 190
183 127
225 174
21 60
147 151
314 94
310 34
287 14
296 59
385 119
175 203
288 101
374 52
263 101
20 68
145 93
356 141
57 141
240 188
354 30
222 17
233 114
128 134
280 157
247 204
93 98
168 90
42 137
162 152
269 143
30 11
131 46
104 113
41 55
285 79
99 45
277 65
176 156
291 131
398 66
91 181
314 196
308 28
187 108
46 71
96 74
293 78
70 185
358 178
270 164
321 105
223 176
48 81
120 35
103 119
328 197
317 80
290 142
58 79
59 80
321 64
374 191
64 62
66 142
117 144
194 60
115 72
61 143
294 151
55 31
36 51
160 151
68 195
348 55
227 197
290 29
244 53
153 85
39 169
224 190
206 90
380 31
12 110
279 179
367 68
23 81
304 127
381 206
249 87
191 55
358 84
249 138
62 164
399 76
52 31
182 112
105 97
308 22
228 97
212 155
341 191
78 120
134 107
311 189
19 91
213 119
140 197
198 207
344 62
226 181
380 98
173 141
221 118
241 113
18 65
188 127
381 122
294 44
284 30
134 33
363 209
149 53
300 79
403 76
250 43
296 207
74 104
302 115
146 103
61 70
383 72
407 127
178 91
358 110
394 193
370 20
88 79
87 196
239 196
326 202
267 179
155 26
355 107
400 156
338 12
95 63
226 188
29 164
10 172
38 101
10 149
99 173
291 110
131 105
301 130
265 48
67 174
98 39
226 49
266 159
370 39
256 115
228 175
182 125
349 35
221 33
145 127
305 164
164 182
97 142
365 82
211 126
220 203
101 68
221 90
134 101
13 78
166 50
172 111
331 11
388 193
309 178
297 122
69 106
18 143
122 90
391 12
59 156
379 12
188 108
188 16
267 69
57 66
202 85
355 29
130 196
215 157
117 209
330 205
37 126
358 145
20 133
341 192
235 107
27 47
335 172
248 58
192 127
318 171
388 131
177 48
340 106
237 113
277 53
284 39
122 129
343 107
24 144
188 54
362 154
66 28
198 206
393 39
175 20
101 33
333 93
45 42
218 141
286 11
205 39
406 137
269 161
94 23
382 26
343 45
32 122
360 77
217 49
326 200
207 203
406 28
155 73
175 33
154 11
356 108
198 118
352 203
20 152
50 51
223 180
123 134
133 10
326 49
112 37
120 37
248 140
184 67
327 33
224 102
270 206
324 164
166 74
51 157
153 174
380 23
193 164
259 209
321 98
276 39
388 99
326 62
258 143
148 168
170 165
56 113
252 62
297 107
38 83
71 39
274 41
340 109
286 132
181 46
348 10
41 112
395 58
233 42
262 101
33 49
219 19
206 18
222 57
105 136
127 50
291 144
25 51
209 76
13 35
298 173
334 147
13 132
238 35
105 66
314 149
232 63
257 109
187 88
331 17
332 52
55 174
192 18
245 76
27 131
133 50
25 37
32 156
42 139
166 108
45 175
71 32
128 105
54 11
119 149
330 109
123 128
199 151
101 27
238 98
155 51
320 16
250 71
56 30
198 204
377 87
365 127
21 204
162 201
257 27
25 175
405 182
46 138
184 102
283 91
43 183
313 116
197 133
39 100
159 103
345 105
289 76
387 34
317 171
166 149
329 55
105 199
35 195
156 26
49 178
409 52
262 170
45 110
172 98
325 25
222 89
268 120
196 137
132 98
245 77
227 118
88 54
368 37
236 148
206 74
313 59
360 69
230 12
349 48
365 198
255 145
91 84
246 66
380 32
139 205
23 80
225 12
293 113
262 192
88 194
331 64
218 18
224 53
83 171
52 91
48 153
379 171
48 54
113 127
336 80
109 93
201 150
330 103
392 79
274 90
303 155
364 54
347 22
328 37
86 58
168 96
205 43
321 70
404 185
194 126
408 34
197 88
197 135
35 71
377 96
301 105
361 105
392 98
36 103
73 173
37 190
369 189
140 141
250 27
302 37
339 89
188 101
121 102
322 25
359 27
193 36
78 134
239 60
392 188
237 117
234 101
201 33
121 138
101 118
206 50
88 144
188 110
20 121
177 201
327 158
44 188
230 100
350 193
311 179
100 158
350 185
196 44
42 130
373 177
224 103
100 131
169 60
405 22
328 127
102 104
222 117
186 42
161 15
101 17
154 134
307 39
223 122
382 116
289 201
272 144
390 22
357 181
153 112
276 57
384 13
208 146
222 95
10 77
378 37
154 96
209 77
398 166
120 169
289 179
36 79
319 49
29 61
168 202
80 173
148 55
244 205
278 88
335 195
164 53
154 151
277 172
114 137
44 180
289 28
357 154
44 75
141 98
254 172
406 176
358 26
155 23
348 119
305 106
137 169
351 33
407 68
176 206
375 185
246 57
226 102
161 209
306 109
352 76
130 193
279 176
323 167
225 138
48 202
120 32
340 41
132 114
75 164
128 14
262 173
323 141
275 180
157 103
45 150
192 198
399 166
370 194
79 36
208 80
281 94
164 81
248 188
26 168
44 40
224 164
281 198
156 15
397 120
370 46
52 109
294 186
255 155
271 142
162 154
77 201
29 163
317 126
238 25
42 131
116 127
358 144
199 67
281 64
134 105
136 68
17 74
378 62
41 54
247 115
340 48
131 53
229 74
266 192
12 81
315 179
74 81
330 193
184 132
289 177
344 143
294 154
395 182
323 19
180 121
370 98
350 94
359 60
330 186
339 85
75 194
134 55
150 23
85 40
67 57
300 143
169 43
261 40
74 144
298 89
314 203
87 131
54 45
340 13
194 51
274 69
100 86
83 177
191 168
270 165
18 19
387 93
131 172
125 14
38 16
262 168
98 149
351 102
85 132
112 177
407 118
44 130
253 85
329 127
63 92
47 104
300 169
318 90
268 90
117 187
375 102
368 95
372 62
290 123
276 132
67 184
128 130
268 34
272 165
273 26
45 131
109 40
409 108
180 101
302 190
373 88
101 83
255 208
120 46
71 89
121 163
358 202
69 191
103 39
19 112
98 98
97 86
162 183
241 43
254 63
336 54
38 134
232 182
156 81
182 29
70 18
350 59
193 71
125 165
280 119
32 126
149 70
131 116
54 91
93 30
244 184
154 133
64 91
184 104
127 195
406 204
136 44
58 163
171 166
274 149
405 202
205 45
193 40
108 110
337 45
323 133
77 208
324 64
42 183
205 95
79 198
96 90
261 192
37 164
349 64
139 198
22 74
372 159
223 206
34 83
138 109
92 33
305 79
198 185
173 52
144 117
85 73
333 32
372 38
278 61
206 149
96 161
20 166
60 99
54 73
334 115
89 171
224 49
137 116
72 127
65 192
375 106
136 110
83 141
78 109
375 198
183 37
169 149
327 69
365 42
159 113
280 78
135 134
344 181
141 105
162 83
397 52
379 77
321 99
59 153
186 191
351 200
272 16
62 170
374 88
15 43
402 69
297 141
156 191
74 78
372 100
332 171
89 32
133 126
279 169
94 100
353 114
294 65
160 77
264 24
106 119
170 166
70 87
87 31
143 23
304 59
247 62
126 10
206 20
379 189
211 48
98 175
202 71
292 108
223 182
45 176
170 10
86 91
308 181
172 172
25 92
320 28
301 118
209 173
84 24
359 50
141 39
65 65
302 134
33 150
262 193
390 81
223 128
91 107
83 72
318 85
305 150
276 130
399 102
187 134
98 171
80 38
380 80
305 154
261 198
70 161
301 111
236 91
97 58
305 13
124 48
279 81
64 135
259 124
293 148
21 92
401 175
13 161
136 41
380 186
326 113
121 188
187 39
197 55
295 145
353 90
246 133
254 136
285 205
117 10
326 129
88 175
248 34
232 33
171 67
329 34
186 77
35 55
393 51
43 180
393 11
321 160
90 22
26 187
161 105
369 37
299 85
42 72
240 204
40 152
234 70
176 98
72 179
364 67
383 89
52 138
80 104
330 57
288 180
325 96
292 131
97 195
203 128
325 166
80 23
373 125
240 202
393 104
153 27
221 135
308 67
90 58
148 58
165 197
95 208
134 26
253 67
348 191
254 138
192 137
385 18
167 105
19 46
235 46
372 13
156 187
80 167
403 35
364 23
344 34
256 143
181 94
356 49
170 102
158 66
178 26
107 68
22 155
331 28
240 107
50 16
147 160
268 173
121 21
401 209
253 74
74 28
10 86
259 68
243 26
145 33
405 199
341 38
106 115
289 170
127 200
379 206
73 69
96 143
19 201
75 206
139 197
310 70
317 209
255 101
144 130
303 63
208 123
120 48
315 41
301 201
33 131
22 133
277 42
179 99
25 150
273 158
217 161
315 84
310 104
83 76
183 198
241 116
171 51
155 138
18 30
262 121
140 207
187 38
305 16
126 75
147 108
59 99
401 136
130 87
382 201
117 177
337 159
31 56
62 41
295 195
373 57
260 97
313 121
324 112
132 142
232 197
377 75
402 180
138 73
322 31
139 198
77 140
214 116
128 146
161 36
131 69
13 10
305 35
304 67
182 37
198 12
186 202
355 12
382 40
140 29
148 108
406 151
20 52
223 22
284 60
300 149
392 22
131 122
99 141
42 132
396 75
111 202
332 193
137 110
246 168
383 11
352 174
88 43
114 91
402 35
141 68
359 114
286 207
253 104
34 128
173 164
364 180
375 161
341 180
259 154
355 44
11 67
141 28
71 154
94 183
57 133
360 179
202 165
188 160
341 76
327 108
195 140
30 190
198 152
237 137
10 55
108 132
232 157
308 200
93 156
145 177
90 164
264 40
206 62
186 104
17 207
249 32
50 163
11 129
180 48
237 81
292 21
378 47
254 58
172 160
240 185
50 208
207 190
67 165
297 92
241 153
107 40
401 22
100 201
267 111
393 136
285 28
122 20
245 62
85 49
110 12
346 106
106 166
111 189
369 40
52 71
153 201
298 199
135 100
319 47
293 30
237 144
276 98
37 85
164 34
229 195
322 166
162 143
48 121
66 176
331 186
264 79
361 33
213 85
98 59
333 124
98 40
281 80
267 146
315 39
95 105
391 134
30 165
319 182
285 171
175 152
73 163
171 53
218 185
374 177
59 163
181 48
57 11
291 65
138 134
326 170
175 203
273 52
317 192
299 105
201 162
336 124
66 163
231 96
276 113
132 99
409 44
287 99
195 32
196 130
24 156
380 191
380 82
13 13
389 96
301 55
219 126
380 44
79 18
83 200
334 128
407 19
69 206
323 150
103 46
165 83
253 45
343 12
125 108
145 24
207 133
269 201
204 185
139 112
231 95
278 125
160 23
215 18
311 152
41 168
318 87
157 45
242 105
158 140
171 107
103 204
258 127
131 110
227 113
341 137
371 131
122 56
67 119
140 55
134 59
377 18
47 169
35 183
303 39
121 204
14 117
117 84
119 37
199 142
169 168
147 174
202 102
166 105
207 46
31 67
26 39
219 123
308 61
161 105
299 25
208 166
93 202
389 173
357 161
33 185
213 164
219 56
53 48
178 14
139 28
102 133
236 108
231 35
354 187
62 100
287 173
43 49
320 44
382 25
165 65
74 56
256 166
182 126
76 153
342 185
160 75
266 181
132 49
165 202
19 155
129 135
114 164
402 102
48 146
24 71
159 118
312 66
97 93
60 40
278 96
154 49
214 113
403 147
409 120
254 201
207 197
20 154
285 150
109 204
373 27
11 56
10 128
20 56
146 187
214 30
28 198
166 167
211 191
90 16
52 175
408 167
29 24
126 13
327 19
68 27
294 96
302 67
382 70
23 24
248 102
330 177
213 84
338 89
210 77
405 179
205 143
61 132
38 141
135 81
329 194
367 139
188 81
28 136
164 58
55 36
397 87
66 104
218 175
119 201
105 91
190 108
330 88
323 89
162 36
103 69
331 204
278 205
302 30
10 176
100 138
206 180
121 38
340 11
178 138
267 79
65 209
220 156
54 178
356 93
264 117
150 34
68 114
386 80
261 174
241 73
325 31
242 142
291 75
42 11
358 36
327 26
33 190
134 82
23 148
102 160
288 80
397 110
397 154
25 116
329 138
409 197
400 25
317 36
84 133
155 62
110 204
228 42
226 148
406 126
342 207
323 35
84 36
258 148
333 28
180 130
241 27
106 60
141 112
230 69
388 174
31 167
209 115
40 55
203 17
243 72
106 131
226 189
137 155
254 201
349 178
316 193
277 199
317 117
387 187
228 146
26 204
285 139
23 209
189 122
197 149
245 17
236 32
298 190
346 91
234 175
372 178
183 145
222 102
264 104
170 180
113 130
398 24
303 204
313 198
249 26
311 18
84 168
339 94
149 199
12 116
44 117
91 77
111 115
404 170
164 101
379 25
164 13
281 82
396 97
159 161
374 47
394 183
328 78
152 69
234 206
282 160
301 19
250 155
379 198
254 121
138 133
94 195
309 52
387 49
348 203
32 52
203 89
166 91
345 42
130 12
353 198
106 102
118 186
216 132
115 146
181 29
400 167
250 129
28 93
403 183
135 145
165 157
319 25
354 39
335 204
122 84
130 52
276 173
206 65
382 64
398 144
33 52
336 19
408 205
113 115
162 58
70 163
278 165
28 15
327 115
162 180
136 45
197 10
225 94
76 184
195 174
54 135
297 134
257 81
319 69
76 187
231 139
63 137
314 204
345 17
60 23
26 139
67 127
307 175
393 73
138 15
64 159
226 23
405 109
347 58
360 139
341 79
187 106
91 164
409 138
270 185
170 122
287 56
68 66
290 43
195 134
303 175
252 51
138 176
158 128
149 30
27 133
117 150
150 198
194 115
188 30
387 166
280 190
346 84
50 165
363 175
184 188
275 24
80 50
262 155
268 62
345 123
111 107
258 24
175 169
349 174
203 121
160 136
255 57
225 21
182 65
359 90
255 37
398 168
227 60
222 119
86 136
110 11
124 23
37 118
94 161
226 102
125 147
269 32
198 76
222 181
23 46
188 36
145 31
408 25
94 57
155 149
69 62
188 141
139 176
375 79
285 135
299 106
155 52
243 85
391 151
359 84
222 188
179 190
230 43
313 90
409 184
115 59
352 136
187 42
84 197
110 179
321 75
270 170
45 148
392 24
151 105
166 128
387 107
213 23
261 97
313 172
187 154
271 91
272 109
116 152
110 87
292 155
229 181
245 191
41 83
245 135
304 84
161 27
13 90
249 167
294 137
80 21
237 119
376 181
13 118
13 57
194 22
192 70
398 141
391 144
314 176
211 37
154 150
338 204
356 162
326 151
130 194
182 167
358 31
228 24
158 156
351 85
136 105
57 180
103 194
44 13
22 148
248 71
172 152
16 28
161 148
406 30
305 21
20 186
303 113
45 12
139 61
34 75
359 186
121 142
214 205
268 63
118 191
30 111
143 130
51 74
332 46
160 188
234 186
192 196
287 159
57 65
189 33
335 179
311 143
199 35
51 118
30 36
177 33
379 91
187 204
227 70
61 152
380 170
70 49
132 63
79 31
114 199
220 122
252 93
65 161
155 35
103 101
364 151
128 137
201 142
135 85
264 49
298 172
402 183
140 186
134 195
407 162
110 23
47 62
291 26
349 128
301 46
202 41
397 141
330 73
351 85
91 134
346 25
254 144
314 195
213 124
32 46
222 88
391 209
95 79
314 97
50 68
165 101
387 44
26 48
328 175
165 106
32 136
257 192
223 77
252 134
265 185
152 50
364 80
84 19
196 11
59 170
313 141
59 159
235 204
313 127
193 20
226 84
78 25
277 118
197 115
368 161
143 167
88 183
203 148
301 119
53 154
221 54
137 10
407 77
202 34
83 10
254 16
304 28
252 89
222 50
122 10
62 59
272 63
103 163
192 202
298 60
314 126
263 35
315 76
353 37
278 166
32 42
295 42
182 41
323 138
373 116
67 10
318 45
115 113
252 128
214 59
51 163
364 62
83 180
295 75
322 18
266 120
217 78
259 84
60 19
331 66
240 52
395 170
169 157
145 180
97 21
339 135
16 203
67 113
344 30
84 47
384 25
108 199
228 119
378 60
250 90
154 154
168 75
55 115
293 101
305 82
125 131
95 117
233 20
86 24
270 43
346 168
196 92
53 165
122 75
278 59
185 39
283 138
102 112
258 173
155 77
316 17
392 193
67 167
22 182
334 155
157 82
35 149
231 50
188 128
388 172
237 41
207 17
212 170
384 67
370 176
68 75
169 10
122 151
167 107
288 186
290 186
29 60
260 207
239 187
345 121
281 42
295 134
181 65
46 194
288 125
79 156
358 17
33 133
267 29
194 170
317 23
379 84
278 31
360 94
358 192
230 159
384 99
349 137
116 189
192 33
189 13
402 16
203 55
316 49
180 164
205 124
374 45
65 138
161 198
292 98
371 208
217 84
387 33
182 20
338 55
403 105
159 171
243 198
362 163
65 40
11 35
15 105
148 165
251 21
164 38
275 179
45 11
26 118
105 115
139 85
88 159
302 208
269 184
297 44
74 15
137 72
313 67
65 185
301 158
81 91
376 41
315 97
30 105
18 38
122 58
356 141
159 187
122 126
225 146
349 35
133 178
59 66
135 162
314 139
283 96
44 196
86 110
308 115
125 155
25 76
253 53
88 68
254 93
302 37
162 68
342 18
210 181
304 30
91 202
19 184
324 108
164 138
244 189
279 170
242 152
54 16
348 204
320 177
396 21
355 132
248 131
13 115
361 47
47 156
63 179
356 32
338 89
240 131
235 39
140 166
245 17
353 194
286 127
355 22
291 177
401 122
219 169
249 12
354 160
209 91
297 163
292 171
220 191
249 153
244 27
26 143
78 101
244 65
380 47
58 121
90 131
303 40
339 189
36 38
277 200
14 205
339 172
219 57
346 199
71 194
54 201
298 76
101 12
388 174
108 35
284 67
361 146
294 174
376 143
275 153
298 176
61 112
131 198
355 145
212 88
193 30
344 154
275 183
226 54
124 185
279 76
242 84
24 47
317 60
227 64
400 189
201 23
22 189
387 111
305 100
257 98
47 31
164 188
30 110
109 164
194 178
405 161
68 35
110 153
221 89
186 127
163 82
187 38
115 27
346 129
400 18
108 29
202 180
225 122
163 178
127 101
382 25
127 130
89 58
38 144
397 143
86 21
275 135
102 179
57 172
384 147
294 203
138 42
202 180
39 177
265 11
334 90
313 45
219 167
186 183
69 196
310 116
320 176
137 189
211 169
147 22
141 38
331 191
100 128
230 192
318 195
312 200
403 177
155 16
386 33
334 19
84 14
63 129
14 138
108 156
331 21
151 131
57 17
216 189
402 72
247 192
270 191
314 43
55 180
43 32
269 103
398 110
347 29
369 118
330 195
405 84
52 145
13 169
268 116
341 143
364 184
84 44
239 94
260 170
160 171
194 174
403 193
97 32
34 202
116 106
122 145
268 189
56 12
350 160
78 207
89 131
186 74
214 99
297 175
241 118
136 116
327 146
27 200
80 168
274 19
127 207
184 70
328 190
333 22
322 18
359 43
300 138
389 110
85 62
52 18
262 191
54 49
371 99
175 98
115 104
241 66
139 115
203 58
306 81
29 135
224 206
143 119
408 51
371 122
184 22
377 151
158 165
193 193
93 10
214 74
161 126
329 119
159 47
203 75
145 52
399 208
96 75
399 11
99 192
318 168
71 89
142 183
287 151
323 69
270 40
280 189
370 195
176 184
68 107
335 35
317 200
219 25
252 194
93 72
389 55
124 72
251 159
316 97
129 31
323 156
254 67
236 189
383 103
208 95
290 119
321 129
384 93
377 96
346 123
323 133
311 169
407 176
300 50
172 157
158 187
25 198
132 27
316 57
400 49
159 116
288 58
280 126
192 130
177 63
402 37
119 202
96 166
262 194
65 96
340 204
267 76
141 100
105 106
16 194
77 35
55 101
230 53
28 72
117 152
74 125
125 202
147 136
394 150
401 62
307 155
190 157
210 153
231 92
308 110
30 175
124 195
95 36
397 121
150 26
392 136
239 115
322 64
333 30
346 25
383 146
90 33
320 48
299 180
175 169
222 169
255 88
216 138
367 136
141 196
92 57
305 192
21 87
378 96
239 196
218 166
154 40
285 194
196 118
334 187
365 120
334 57
251 165
311 208
303 74
317 166
103 15
103 168
389 164
13 18
192 123
34 87
137 167
404 88
49 54
305 208
409 27
269 143
10 151
129 84
55 153
262 209
63 123
323 50
359 191
226 142
184 10
41 66
276 176
136 82
207 88
399 177
331 169
130 146
293 101
111 16
255 205
47 19
285 21
92 60
163 10
322 196
238 201
344 24
291 177
273 63
198 164
350 134
140 18
390 172
354 15
393 90
383 86
321 109
247 158
395 88
82 92
212 27
380 153
71 80
158 181
150 40
318 203
359 25
354 143
401 179
250 174
230 195
335 21
340 15
359 93
375 196
346 101
49 140
265 32
141 60
62 185
176 141
159 204
145 192
247 71
282 112
406 97
303 91
327 89
63 57
195 98
297 112
133 166
193 87
13 153
162 90
41 87
166 46
113 112
20 53
305 194
298 171
173 56
252 106
351 67
395 11
133 158
184 174
105 38
11 12
81 137
304 67
248 78
177 122
204 150
186 126
330 65
120 172
38 28
36 39
352 193
111 68
211 200
253 149
240 69
343 43
219 122
156 159
52 142
73 58
56 150
169 100
40 163
93 186
155 204
111 60
288 101
164 78
103 64
240 12
129 204
238 91
212 51
33 70
67 128
357 127
125 192
185 198
69 128
369 39
307 88
118 39
169 119
177 39
248 135
40 172
211 146
152 62
212 52
340 103
95 43
141 87
132 133
243 150
232 65
138 41
310 193
161 17
17 101
15 72
382 140
174 77
48 63
380 106
68 94
176 172
350 191
346 186
195 108
207 154
361 205
371 57
348 109
295 105
306 33
85 48
241 55
217 207
175 83
227 32
394 24
123 187
298 37
228 58
36 29
164 43
304 140
338 135
269 111
337 153
291 27
332 97
361 32
402 17
216 199
405 199
272 34
29 165
249 140
290 21
237 89
362 89
389 158
256 146
385 76
326 175
43 121
380 161
110 168
257 29
275 26
329 89
348 29
127 58
133 188
205 181
152 55
203 100
160 108
212 116
144 198
191 29
148 53
252 41
120 38
61 201
136 45
359 100
136 24
409 153
229 30
189 64
59 143
380 52
281 133
135 51
322 116
355 169
309 118
53 89
223 27
286 62
303 63
328 185
11 179
258 12
161 176
361 14
144 178
280 24
392 106
96 16
31 78
27 155
342 109
190 145
219 101
29 43
192 16
276 152
316 167
115 129
273 101
153 65
286 63
309 201
85 26
104 27
47 181
143 85
15 177
48 64
69 70
146 114
404 136
50 193
197 203
307 33
221 34
134 168
29 14
267 135
136 53
311 19
379 160
262 126
376 170
82 128
403 54
244 145
385 80
139 20
125 15
59 196
13 73
