400 147
117 145
175 181
191 155
126 164
347 26
87 128
36 176
374 74
352 187
394 155
402 130
270 188
179 102
73 182
402 188
162 35
345 57
344 109
354 71
162 150
394 128
194 95
69 96
31 133
146 152
355 57
80 207
114 94
81 132
284 200
126 122
181 140
43 107
83 186
109 80
151 138
361 207
352 14
126 55
300 172
230 16
145 80
297 22
171 55
195 24
247 86
247 131
271 76
164 173
246 189
391 103
311 113
305 42
217 140
218 149
390 199
261 149
108 183
22 39
35 93
370 58
80 126
86 209
201 108
331 143
362 28
168 179
40 201
392 151
244 161
110 131
226 166
102 191
155 128
350 145
80 146
325 60
112 178
290 34
59 180
152 114
263 113
265 77
163 84
169 62
331 133
132 177
91 178
34 94
135 107
105 117
75 100
164 123
302 160
404 78
316 188
308 22
181 50
369 85
320 120
25 208
372 176
307 54
152 121
176 144
136 142
240 26
203 157
232 90
20 162
98 38
70 77
230 42
187 49
264 186
38 55
130 197
168 11
355 187
96 196
264 208
310 90
234 129
202 203
88 166
264 135
406 97
399 37
22 127
322 181
327 148
335 47
363 44
222 20
125 55
396 188
242 156
185 175
95 177
30 104
332 74
307 95
24 136
304 78
237 100
195 118
197 37
241 138
316 37
208 188
88 99
212 127
135 165
152 86
360 179
32 75
13 172
157 161
270 187
305 190
402 194
19 132
42 202
213 151
158 42
68 132
284 182
192 31
110 122
13 205
60 31
136 116
289 92
126 47
66 209
74 79
93 80
77 190
222 190
291 158
72 25
83 34
210 89
200 131
47 51
334 21
387 188
62 107
131 43
126 136
124 83
370 167
294 39
88 62
362 31
35 183
114 66
101 39
193 100
291 202
339 122
84 119
229 131
346 175
152 105
276 108
146 48
275 192
102 159
107 84
213 85
156 194
357 182
274 164
385 46
202 78
353 140
407 81
203 27
243 202
314 101
297 107
206 201
19 73
260 199
127 86
88 201
392 111
216 132
226 120
171 55
293 134
337 188
110 125
284 173
98 180
320 192
245 14
231 197
155 146
89 96
12 101
362 83
93 70
83 118
380 82
293 177
44 98
284 88
243 98
145 184
240 19
386 50
48 171
214 181
354 195
315 57
90 161
403 162
164 55
399 209
266 196
26 49
119 10
297 200
220 48
385 37
50 176
41 81
402 187
306 153
210 20
21 67
65 130
75 190
100 98
179 55
114 37
399 138
301 62
192 197
162 118
132 163
67 27
188 40
306 206
355 72
65 37
156 181
408 169
139 81
279 16
151 176
92 45
78 162
199 94
361 23
93 158
242 19
378 29
180 117
329 133
337 123
121 110
154 32
392 172
346 32
67 71
19 35
274 28
318 201
302 130
109 93
36 143
68 53
190 52
375 177
48 142
389 145
192 119
326 156
297 101
144 174
82 144
272 201
331 26
136 24
119 138
387 136
257 49
321 200
168 185
383 27
332 107
278 203
318 160
360 200
35 114
246 153
330 132
101 50
142 175
210 191
285 142
388 47
186 52
273 157
160 165
356 147
232 194
29 184
189 177
57 116
158 69
387 177
100 177
283 165
20 147
118 117
183 175
119 35
360 160
397 107
366 111
220 91
395 45
96 169
147 67
127 66
385 124
367 175
39 41
201 138
149 78
28 178
380 123
196 180
115 46
220 195
73 22
17 121
172 59
297 126
26 68
261 79
374 169
115 171
45 99
119 35
281 136
234 40
37 187
147 169
163 148
166 20
59 52
234 37
52 204
176 182
40 142
192 70
51 91
86 76
268 143
45 125
375 154
330 157
362 16
13 130
111 171
292 39
314 64
336 16
59 47
139 89
294 127
234 180
145 10
96 59
45 12
100 90
89 66
404 41
19 41
281 201
144 20
108 36
287 106
362 42
89 22
20 121
75 81
10 172
23 182
58 79
168 196
179 18
53 137
302 29
56 109
111 155
78 61
361 146
145 209
400 106
405 24
115 75
97 75
57 172
287 55
378 121
245 166
226 69
132 64
34 16
144 86
312 179
401 32
384 66
10 87
314 136
409 53
78 10
318 196
254 116
111 117
91 161
75 178
330 10
62 46
71 188
372 147
171 126
337 131
379 83
353 35
49 174
203 69
399 171
123 182
225 86
368 48
194 94
339 32
354 49
282 106
246 150
348 155
16 31
214 192
273 174
301 61
92 97
196 169
221 129
80 184
42 63
138 64
377 144
342 48
242 171
402 78
86 104
336 152
160 164
359 14
187 106
167 62
276 92
396 79
353 146
245 202
18 42
37 181
327 192
105 26
51 64
332 185
47 106
216 65
354 205
141 124
303 72
183 76
144 53
219 192
98 38
225 188
48 20
281 80
356 174
407 151
44 127
353 186
378 35
123 134
30 75
96 188
167 87
36 128
184 180
280 132
120 183
318 206
300 40
93 103
409 17
407 53
101 65
185 75
157 164
146 183
365 134
232 101
219 56
264 26
132 82
364 92
11 146
402 72
191 148
330 163
221 106
288 13
278 21
348 139
259 21
294 117
213 149
189 23
193 179
393 91
365 207
95 94
260 153
246 114
16 32
120 205
25 184
219 128
408 148
65 202
17 125
92 158
209 129
214 146
83 207
400 161
74 146
233 92
346 116
338 180
311 21
95 203
211 84
288 76
306 174
65 152
129 84
223 75
294 89
157 198
217 21
53 190
259 28
338 77
182 43
317 31
29 19
87 199
405 30
39 155
93 98
244 109
250 68
54 188
94 54
168 67
409 20
368 112
401 156
178 64
270 125
81 209
329 169
199 168
118 101
296 204
271 128
370 194
132 66
104 66
240 120
335 145
141 165
248 113
122 11
352 143
44 18
340 75
19 120
41 13
399 202
42 150
323 113
179 189
392 193
382 91
212 190
220 121
157 40
55 160
361 208
133 129
168 99
95 38
116 31
19 176
151 196
279 203
270 141
79 47
269 54
80 65
35 144
182 49
223 52
195 101
195 76
329 206
360 200
266 120
83 135
382 192
374 68
293 18
218 43
77 17
267 180
278 34
308 168
84 114
205 97
69 135
386 47
52 157
374 48
93 195
360 103
177 165
133 161
125 35
46 20
54 113
219 89
376 96
111 19
31 205
62 32
293 208
301 128
381 96
122 124
335 150
331 16
294 63
347 44
134 142
146 119
226 185
116 93
93 66
205 100
191 104
283 137
202 151
157 168
270 38
42 35
106 24
197 194
51 86
304 140
202 43
191 189
345 143
46 161
334 135
389 16
172 197
315 147
222 76
281 54
269 128
304 142
36 171
397 164
210 170
348 98
127 90
396 158
67 69
257 117
227 185
111 18
317 99
102 23
327 207
41 115
371 44
371 68
246 190
252 95
264 11
56 190
30 187
385 57
215 137
262 176
116 207
132 192
108 89
148 116
382 25
389 54
168 163
268 190
39 169
25 130
80 42
395 47
351 182
166 159
254 61
133 179
233 209
187 34
127 185
190 35
235 152
118 16
323 61
114 44
177 172
60 150
193 125
398 54
282 43
388 79
80 48
68 157
361 151
92 49
127 98
219 44
22 61
67 184
206 147
157 53
202 47
77 114
338 189
87 90
167 18
179 138
261 138
365 31
109 105
208 181
164 140
227 134
166 112
52 151
15 195
37 170
380 162
277 119
61 131
352 156
173 140
345 31
69 139
343 145
366 127
237 13
165 55
63 185
308 42
338 149
159 78
163 34
29 61
235 37
168 173
241 11
85 119
336 127
311 91
90 202
241 121
398 138
60 187
374 134
344 105
228 81
246 69
62 110
117 209
39 179
75 13
128 72
375 53
15 169
133 98
351 194
369 176
216 187
79 176
400 109
154 39
242 164
156 71
63 85
206 148
226 97
400 73
87 11
235 84
223 174
245 96
333 74
165 26
133 201
359 30
278 197
210 194
309 85
136 19
220 72
270 39
371 121
30 43
318 27
409 142
310 102
400 157
173 114
132 56
364 60
204 157
335 39
296 108
36 37
372 51
351 174
175 27
98 48
220 114
11 72
360 34
142 48
349 113
165 145
295 67
373 19
358 30
99 203
387 28
343 155
86 102
32 184
135 134
407 89
99 174
392 195
209 151
159 53
86 101
271 24
198 41
265 38
28 183
187 112
44 122
327 184
103 36
69 22
255 202
347 89
395 142
44 196
156 135
47 196
33 151
243 31
169 44
159 55
168 57
350 14
283 37
394 140
383 20
264 159
158 53
406 75
140 172
112 202
129 41
104 30
56 129
295 101
392 123
351 75
224 85
260 182
168 103
203 46
357 152
144 196
254 161
286 173
205 151
203 198
168 173
306 50
385 33
37 162
202 173
50 21
285 137
357 144
155 167
15 167
227 63
102 20
37 45
301 55
295 95
117 192
73 187
307 57
356 161
340 199
56 76
207 146
374 79
74 19
315 125
240 206
95 50
321 48
124 40
10 67
387 53
118 47
91 51
405 195
43 39
205 20
