160 165
408 162
272 21
147 17
122 205
160 205
190 167
89 79
262 17
349 159
389 149
291 97
53 34
347 159
306 10
184 85
161 197
204 40
230 143
274 89
260 165
226 177
197 166
16 181
172 87
150 171
377 95
307 117
398 141
115 119
400 87
146 132
272 140
156 85
218 156
118 148
109 86
66 102
268 186
382 31
165 136
383 163
96 73
13 130
170 53
78 83
131 20
279 12
148 25
336 81
277 11
408 107
238 174
232 35
316 130
60 127
39 171
272 188
50 97
152 37
130 168
259 195
258 130
320 166
102 68
256 155
47 126
366 166
367 55
189 209
285 40
50 157
315 16
290 145
182 16
28 105
190 168
394 176
150 74
67 58
30 100
309 171
272 116
242 148
168 199
41 31
327 115
246 160
201 143
348 135
405 15
370 84
149 115
27 186
40 34
379 175
116 171
198 106
367 29
251 38
