387 194
140 141
258 207
254 46
12 205
260 171
133 50
65 153
14 48
254 196
361 74
256 199
93 68
90 25
252 91
370 74
67 107
408 182
290 184
276 73
220 46
255 12
273 109
70 111
122 31
138 16
85 156
331 42
194 105
166 114
61 84
316 38
94 59
405 39
77 157
69 192
233 24
14 159
346 45
150 196
325 50
219 31
369 94
196 199
232 50
73 176
352 110
406 77
91 170
300 127
348 14
200 180
330 99
296 99
297 132
363 31
151 95
345 90
133 201
323 132
135 81
140 180
382 115
152 182
387 96
19 158
150 27
246 84
393 63
261 209
358 88
76 145
360 152
92 96
185 203
129 42
39 36
86 150
156 25
346 90
110 125
324 133
85 181
229 129
172 141
94 192
313 83
370 209
352 75
269 114
84 77
341 40
111 93
159 165
37 186
389 41
196 41
199 76
271 10
383 179
92 155
74 41
201 67
68 168
294 50
339 96
111 152
167 143
329 155
208 129
207 189
128 50
349 164
290 34
317 99
188 169
176 194
209 139
80 10
106 141
259 28
230 17
34 66
223 110
299 62
368 140
132 209
387 38
273 79
239 112
215 81
99 179
354 146
204 127
292 191
365 153
287 25
399 45
373 45
374 38
302 117
39 115
266 136
71 68
311 32
118 142
213 171
284 162
56 100
322 37
302 10
404 140
258 25
229 142
32 95
259 134
122 90
285 65
218 177
291 13
344 40
189 43
143 96
191 110
283 38
155 188
262 147
391 205
51 140
400 17
138 138
31 111
342 84
363 124
379 20
144 80
188 152
46 191
124 42
245 190
339 114
191 29
339 98
142 164
252 186
185 49
173 77
385 89
187 131
24 116
231 201
196 190
27 78
144 155
229 200
181 43
232 110
247 95
159 175
18 75
179 107
119 196
399 200
65 163
82 168
381 90
340 40
265 167
285 100
332 127
50 113
279 117
305 44
266 147
64 138
122 63
225 183
98 82
137 106
23 102
289 89
273 118
91 73
310 178
185 161
153 122
299 79
131 99
72 163
353 168
383 163
239 67
382 190
114 116
258 117
124 113
272 127
172 63
260 116
372 95
24 36
47 149
376 137
210 53
83 114
307 135
100 10
359 29
114 73
288 202
388 64
311 181
201 146
406 45
103 137
330 200
66 103
247 103
64 79
396 116
91 11
56 79
151 119
156 133
52 70
131 99
405 195
305 161
146 75
104 42
268 17
16 146
47 169
279 105
237 177
215 200
152 197
24 57
255 147
150 172
269 158
388 87
207 110
336 86
149 208
249 124
218 186
367 64
103 74
138 35
117 55
173 152
226 152
396 117
325 164
332 146
101 42
362 144
312 122
318 91
120 139
225 179
74 94
333 88
241 90
37 60
49 18
53 101
208 84
315 194
322 60
309 158
260 128
317 163
56 93
339 194
339 26
409 128
340 99
245 194
375 57
258 108
264 184
248 78
331 169
157 17
91 105
268 57
322 186
181 171
233 32
229 208
160 63
104 74
208 115
76 167
15 143
40 196
180 90
364 156
363 15
91 105
203 117
70 162
38 55
43 110
49 203
270 95
166 72
310 50
22 100
12 199
114 20
287 164
267 89
188 15
344 95
12 67
313 30
189 170
26 166
118 116
106 15
149 159
316 175
188 144
13 64
348 185
56 121
128 43
182 147
77 110
314 47
312 38
92 62
281 80
340 25
350 118
218 58
403 103
203 163
161 99
366 134
260 165
200 180
290 90
301 146
41 169
184 176
279 107
205 180
304 37
205 95
348 132
122 174
143 80
123 188
45 20
386 45
301 189
171 30
157 16
56 52
231 161
172 187
226 122
196 96
204 57
317 144
343 133
273 18
193 10
308 202
185 66
94 159
334 39
266 72
346 94
127 179
143 30
92 46
97 90
201 10
68 131
171 36
263 154
217 61
322 156
61 93
155 22
269 11
303 179
283 32
400 116
185 22
186 23
33 91
394 204
340 98
225 156
337 35
69 82
280 193
376 22
256 77
190 128
374 121
329 42
358 144
55 65
319 28
79 101
19 120
151 119
316 192
153 203
85 69
376 166
247 149
350 153
67 170
119 183
224 193
243 203
165 103
311 54
137 191
118 128
409 167
95 180
394 100
407 185
320 34
232 109
318 81
409 69
239 188
368 75
292 179
21 48
142 100
361 178
303 86
280 207
268 62
346 18
150 182
352 157
122 90
77 40
117 124
339 193
155 179
288 117
298 80
120 62
139 65
197 62
265 41
251 186
197 71
289 194
152 14
398 176
234 198
48 143
52 160
163 126
33 24
159 149
218 110
339 47
34 189
65 121
222 128
330 50
298 89
235 155
184 20
136 145
42 180
344 193
50 156
385 107
359 33
358 162
315 70
222 139
12 64
279 124
200 139
394 63
276 12
225 143
253 73
198 105
32 29
222 191
360 193
390 185
327 119
188 109
407 41
225 49
128 146
78 166
237 178
165 88
42 200
89 187
385 195
129 40
325 202
137 128
350 101
137 48
263 59
281 165
324 117
117 130
40 91
30 168
262 133
274 38
342 45
93 73
122 123
320 69
81 185
337 117
140 25
130 23
32 27
230 163
59 179
209 110
74 187
32 106
154 77
234 160
190 107
261 49
33 146
171 25
396 68
398 29
106 93
122 15
233 33
122 127
52 156
126 188
95 154
107 179
51 160
99 143
139 178
343 82
365 31
363 179
333 170
393 129
239 18
72 167
204 84
141 104
262 23
35 204
303 80
408 12
135 183
104 187
277 146
253 165
360 129
87 140
398 74
89 201
388 22
20 96
351 19
264 199
107 139
184 176
402 181
381 52
351 99
94 59
163 68
335 114
408 42
343 196
293 70
310 156
353 51
151 25
219 176
130 139
153 146
229 189
63 42
36 140
323 138
159 39
159 30
355 104
119 185
147 170
59 37
217 194
286 191
327 155
120 26
307 13
121 67
275 109
32 13
309 171
331 150
402 80
95 153
147 31
123 22
324 30
376 159
57 140
163 52
191 157
270 105
356 28
51 142
137 40
219 175
262 98
175 133
367 142
140 158
134 120
204 200
177 17
323 84
110 178
39 120
292 80
20 149
300 153
271 59
271 158
41 209
193 33
374 65
47 56
30 27
341 115
100 49
355 147
86 124
17 11
132 133
128 108
196 158
291 179
292 122
350 46
18 161
253 175
201 209
377 199
173 178
247 119
233 16
385 171
151 127
344 72
336 146
74 104
20 100
241 187
284 83
157 32
237 145
259 85
48 109
405 51
81 162
164 93
181 126
35 154
207 205
158 113
340 159
251 69
189 71
159 17
397 78
116 149
324 104
122 178
195 125
124 99
97 90
228 188
206 121
289 199
118 166
280 45
247 124
89 178
135 72
148 164
272 91
268 69
141 14
378 127
106 33
69 175
374 180
176 45
156 194
244 83
243 155
32 36
83 73
398 48
25 165
105 117
269 154
28 39
353 18
363 195
364 89
24 48
232 143
399 64
169 153
35 190
352 178
61 47
94 190
66 70
333 111
20 51
363 84
124 116
328 158
406 39
179 101
13 62
159 123
89 68
300 23
214 111
211 12
408 94
178 171
123 141
297 39
15 71
292 111
228 91
202 73
162 34
37 157
45 168
115 200
263 169
156 138
310 78
229 162
311 184
117 64
83 132
262 43
306 32
270 148
93 37
318 35
216 53
219 129
31 191
395 182
32 72
34 155
362 164
14 98
37 14
383 165
66 188
44 149
35 87
338 92
46 130
286 84
47 152
188 105
204 130
400 45
172 73
182 179
154 185
246 62
311 39
202 18
238 165
290 147
172 108
152 85
96 185
352 188
95 50
194 54
299 26
331 29
52 123
336 161
383 92
404 53
87 172
316 152
145 86
258 63
53 126
391 89
393 194
269 20
64 188
243 158
100 159
225 142
367 199
247 100
224 46
210 142
284 149
191 173
243 120
34 152
68 61
89 79
68 22
220 178
283 29
56 154
271 48
93 88
341 133
293 182
229 119
150 163
110 97
73 75
266 74
315 101
243 26
292 47
262 109
231 31
279 198
377 91
53 189
246 108
31 116
32 206
295 118
249 83
406 33
35 64
128 197
261 200
393 157
273 32
361 134
260 12
236 38
238 200
61 119
195 168
148 196
113 19
397 91
34 134
107 132
132 198
252 113
72 200
31 182
56 92
164 82
172 151
339 22
319 128
127 14
29 206
236 46
304 87
255 199
139 148
373 58
342 179
407 117
251 53
364 83
385 98
79 184
231 81
227 142
291 205
260 121
300 156
31 194
388 121
133 138
330 21
29 37
159 65
72 145
72 111
392 135
355 202
227 105
173 131
340 117
243 110
243 201
232 20
134 159
343 49
344 179
377 49
25 179
200 23
407 78
341 190
11 136
151 108
407 189
70 164
110 187
183 170
340 118
152 60
104 54
191 15
239 203
286 128
244 156
233 173
348 132
139 139
382 142
342 136
195 51
297 139
298 122
375 195
64 143
358 46
398 78
149 148
387 161
370 50
291 129
314 83
144 66
146 204
120 35
118 150
47 148
400 50
191 207
299 144
398 156
216 73
63 24
113 86
362 182
172 144
272 18
51 201
186 81
81 34
210 148
319 71
228 111
193 24
342 93
58 25
342 110
327 37
179 140
170 54
254 66
246 64
114 62
139 95
178 16
66 173
322 43
11 193
186 45
228 85
294 50
206 62
240 165
235 66
18 65
394 60
167 20
342 139
146 197
59 77
305 120
91 134
99 208
240 133
39 93
259 89
55 38
285 159
245 24
11 88
149 63
407 161
107 61
149 122
86 113
379 179
158 113
117 59
202 83
344 20
325 176
277 92
257 146
288 205
124 160
305 95
99 23
90 123
100 12
27 203
152 23
355 113
177 90
376 158
225 67
409 132
155 53
209 150
397 14
30 70
190 124
131 15
260 89
75 204
282 201
240 136
352 202
59 208
179 156
268 206
223 184
43 167
386 125
352 15
34 177
145 139
162 37
74 136
17 196
178 170
131 102
283 40
325 208
218 38
91 86
328 42
44 147
344 163
384 200
74 207
152 92
255 149
176 99
190 50
17 137
39 207
137 57
293 202
303 129
313 132
353 64
165 108
400 164
22 18
367 125
311 78
200 174
97 82
144 45
103 45
268 96
113 50
372 186
311 72
214 142
112 99
350 116
155 107
132 26
15 203
391 125
334 13
217 128
367 172
155 187
108 42
107 112
313 11
346 114
407 201
83 15
167 25
345 40
178 143
304 190
41 110
158 159
25 26
275 185
177 33
312 78
71 95
196 185
103 57
53 209
61 205
157 171
118 88
378 108
50 120
346 95
109 11
350 100
158 166
239 98
127 163
159 78
126 189
66 68
99 70
364 142
387 196
284 195
324 175
233 33
323 206
348 78
210 194
127 91
150 82
68 43
336 41
25 186
42 45
298 209
404 177
360 97
303 158
104 190
299 21
143 103
252 169
61 162
194 163
391 85
89 53
314 123
77 130
141 43
226 109
246 175
276 90
399 196
331 67
218 53
273 148
147 45
198 41
198 196
259 38
192 106
94 22
330 162
142 40
291 65
192 199
285 63
25 137
188 132
157 203
90 207
367 91
302 27
121 22
301 20
158 187
258 153
127 71
59 209
43 98
100 139
250 98
88 56
12 95
340 44
45 110
78 61
252 202
134 27
221 176
205 161
299 194
291 66
114 175
37 72
380 112
71 161
186 150
253 163
389 154
353 74
357 197
400 151
354 145
357 59
265 199
107 76
306 91
77 95
320 173
400 15
168 74
20 68
118 170
342 48
156 155
362 174
60 206
39 36
183 72
291 147
359 156
33 140
91 30
375 157
113 11
277 124
249 24
339 172
102 104
379 102
136 122
87 201
89 10
236 133
373 111
199 156
77 37
70 122
221 172
394 151
364 128
155 178
245 18
333 56
132 127
114 37
338 128
321 155
117 50
261 81
338 78
361 189
228 140
66 181
113 131
381 11
315 28
155 47
101 192
153 145
102 151
325 127
291 59
271 75
120 164
380 113
86 101
65 127
196 55
398 134
207 205
168 113
276 183
187 124
48 203
160 206
182 16
156 97
176 53
89 42
377 90
121 148
139 93
344 90
229 208
337 21
127 168
227 42
160 65
294 24
304 17
25 144
202 131
205 134
228 28
72 175
370 163
339 67
375 12
308 101
14 190
115 105
217 182
311 22
119 43
209 155
171 187
332 207
203 102
338 147
134 186
259 203
185 54
114 206
324 36
384 65
376 120
61 106
276 190
315 84
305 83
166 151
42 114
209 50
192 202
147 203
269 110
402 61
376 29
158 124
104 155
369 53
76 24
230 74
121 47
184 68
342 154
220 65
357 12
65 65
83 167
182 92
194 199
333 158
100 191
80 173
316 11
177 82
239 189
406 174
225 131
100 120
189 57
59 12
116 83
51 157
122 70
261 62
157 135
29 46
120 68
143 194
183 58
199 176
268 199
165 201
273 129
297 125
175 54
300 126
399 37
63 102
94 77
391 18
390 181
73 180
267 196
179 19
51 138
172 62
266 174
252 73
148 113
383 46
100 11
181 103
77 140
142 83
87 126
277 192
181 185
266 25
340 135
244 71
214 202
407 12
336 130
98 62
177 203
44 185
100 158
145 160
71 135
407 157
157 47
118 199
369 139
183 52
44 181
123 63
153 153
96 203
23 19
400 169
175 103
282 182
247 57
53 41
325 118
290 156
232 10
306 88
115 123
312 142
219 198
64 67
372 113
143 187
103 89
317 82
215 29
273 54
148 34
203 209
367 65
232 119
175 110
65 122
131 161
53 46
377 146
105 74
127 81
29 91
328 20
33 80
17 85
135 57
116 51
314 121
13 168
288 190
219 178
12 62
217 198
183 125
62 50
384 172
258 73
81 180
146 61
164 67
293 152
406 190
399 67
139 160
230 67
322 90
68 112
122 124
125 56
357 114
225 68
300 170
228 121
35 93
380 122
351 205
170 28
261 190
349 138
21 127
308 154
310 115
162 39
371 179
294 40
375 54
252 25
310 68
350 41
108 47
287 116
297 12
298 162
157 168
86 56
32 54
253 133
309 64
109 87
192 92
350 175
118 161
133 178
68 121
392 129
259 162
195 52
234 96
11 51
261 77
401 77
276 124
26 60
119 146
156 16
280 182
203 131
73 90
325 181
224 146
378 66
128 101
336 73
123 58
198 173
53 45
56 153
282 81
242 39
146 176
184 50
260 129
86 94
408 106
259 156
354 47
12 10
332 65
142 154
51 185
67 122
389 103
113 108
105 159
303 55
352 179
345 181
250 103
150 134
172 144
233 22
129 150
389 106
366 165
84 169
234 62
314 208
238 27
373 158
233 147
327 74
200 51
263 34
164 94
101 69
188 85
349 98
149 146
222 115
334 185
236 157
217 57
18 193
279 66
139 191
179 64
355 17
402 95
362 127
377 86
361 98
256 112
312 202
342 177
79 11
389 151
140 21
71 201
148 148
72 140
253 24
318 43
315 149
151 23
170 117
258 88
44 36
193 186
162 85
397 108
80 84
26 93
77 203
364 79
24 65
186 48
321 103
354 119
119 117
14 156
350 125
406 195
244 85
390 139
179 27
64 34
265 140
53 83
262 102
225 66
54 15
68 159
193 14
184 74
367 152
303 86
271 69
45 33
345 188
183 178
211 12
90 68
257 101
254 170
81 22
108 99
198 56
78 17
115 203
135 156
378 168
211 12
405 166
32 143
85 177
220 152
105 152
48 49
306 206
62 74
324 163
136 34
367 91
353 173
239 16
295 30
257 60
273 143
24 169
213 199
254 164
30 148
318 159
140 42
242 207
284 154
216 125
218 86
299 104
308 19
191 131
113 24
332 171
337 159
239 93
166 193
30 173
180 31
74 113
229 166
186 71
273 146
85 172
396 127
176 32
303 188
25 62
332 185
179 63
28 82
132 17
331 109
139 84
391 200
165 190
340 134
274 152
260 60
131 73
373 54
407 25
11 88
407 16
224 154
366 143
249 43
317 191
139 121
398 154
285 168
55 135
224 82
65 49
189 46
122 186
13 155
216 116
47 198
399 137
389 162
276 203
16 176
115 62
286 32
78 189
272 87
343 186
65 65
304 42
212 24
193 208
109 173
282 121
307 207
170 64
324 162
15 83
90 162
382 206
28 128
133 14
200 12
367 152
335 35
392 99
130 163
289 36
12 77
39 137
96 10
223 207
84 66
373 71
173 48
277 135
382 90
73 102
331 111
197 74
275 202
143 133
254 198
18 28
338 26
37 10
364 208
168 69
222 177
95 208
52 163
130 57
395 189
291 171
371 89
210 22
180 91
29 70
336 42
396 146
232 69
349 38
210 112
347 90
280 87
212 44
84 202
139 84
139 153
171 127
408 26
285 70
347 129
76 23
113 15
407 76
197 46
199 195
103 107
241 175
236 149
142 116
343 142
41 88
151 136
313 120
400 177
272 17
62 26
259 120
328 76
170 148
33 188
298 179
165 49
34 122
258 67
387 177
180 94
340 109
294 112
372 88
357 103
353 134
407 118
41 138
237 194
143 81
133 16
80 28
259 137
246 204
208 208
172 25
323 148
212 20
160 81
390 46
366 140
153 23
30 166
375 99
376 208
284 99
88 209
159 136
25 76
100 85
80 61
241 78
13 29
32 91
334 68
325 57
356 95
128 83
233 186
229 45
290 135
58 185
146 136
240 142
384 145
22 134
394 138
122 134
201 75
385 27
199 153
394 107
302 120
206 114
386 121
26 166
402 31
96 197
188 124
315 70
367 33
242 13
228 142
399 107
15 30
288 197
163 143
29 91
292 104
219 12
385 204
144 200
17 159
136 118
253 158
392 24
14 99
225 124
296 33
407 60
200 141
227 167
330 198
117 89
223 47
334 209
316 154
109 202
246 87
216 132
109 77
270 92
150 80
107 25
334 132
203 136
107 201
226 107
133 40
332 29
405 52
320 33
269 188
106 140
281 96
378 24
84 146
231 42
270 16
327 182
140 79
195 33
32 74
247 80
299 146
200 55
192 32
153 180
155 41
303 134
258 202
67 40
139 157
377 194
286 122
95 153
76 73
247 126
352 198
120 53
117 183
66 159
152 74
177 10
383 42
356 183
394 100
366 29
25 21
333 180
319 191
153 100
197 171
239 207
354 120
142 156
201 109
98 85
228 171
336 84
320 143
273 41
248 87
226 39
23 107
106 152
136 86
318 182
320 20
306 84
270 126
321 52
65 140
47 122
108 91
13 24
166 119
349 203
389 138
166 47
107 46
394 175
81 143
374 23
324 125
138 13
109 145
393 69
149 117
355 44
392 41
129 24
313 203
65 54
199 134
116 131
15 87
243 95
210 76
377 47
313 13
141 34
325 176
334 135
252 168
276 173
161 205
309 138
114 186
389 120
408 163
98 37
347 205
159 177
292 203
14 142
23 206
276 67
321 28
359 42
270 116
91 179
302 105
206 88
152 149
241 82
320 120
344 171
293 169
260 166
270 52
382 164
151 109
358 185
38 84
382 150
227 170
32 183
151 170
55 96
404 131
365 68
117 141
224 111
343 67
122 189
137 88
146 65
320 60
189 170
334 33
121 115
308 201
283 122
389 107
151 116
172 125
384 23
129 204
273 127
313 114
107 157
28 87
335 133
282 115
287 159
240 106
33 129
327 34
116 179
303 57
197 131
58 187
147 137
27 90
130 29
145 14
61 96
287 64
224 153
286 121
293 137
404 40
173 80
295 52
354 153
333 143
298 60
358 92
222 188
332 194
140 120
281 96
154 13
74 140
284 107
339 119
167 134
83 115
375 89
377 64
142 62
23 19
62 121
358 208
393 30
171 146
183 104
120 80
72 131
326 178
90 180
177 36
157 168
276 114
197 42
39 166
176 169
166 189
233 161
244 192
236 105
384 18
107 85
391 142
256 92
90 83
323 53
65 161
127 101
400 166
112 61
376 181
176 90
33 159
226 196
328 196
174 67
324 59
31 63
317 48
265 15
158 198
399 172
298 70
164 79
109 102
288 160
373 21
309 153
273 142
291 106
216 156
89 22
221 53
44 174
82 25
381 172
235 108
70 19
228 66
341 133
341 131
333 93
213 56
201 70
109 196
50 171
110 102
179 121
118 63
75 50
366 87
402 83
168 173
224 72
72 206
250 71
175 100
223 106
272 179
226 201
349 81
392 167
241 157
229 100
100 57
82 91
346 138
49 180
285 56
388 109
172 105
203 189
340 98
173 17
190 177
249 90
73 101
77 207
266 31
311 143
33 45
265 193
221 44
162 152
259 133
155 73
171 172
32 127
203 189
400 105
200 56
118 161
42 167
137 65
272 92
384 50
292 40
58 189
192 122
365 61
304 117
157 172
330 102
320 109
348 140
288 50
229 16
369 23
231 127
35 118
139 133
393 37
197 37
267 37
313 87
138 124
383 64
130 181
83 184
277 111
368 32
197 195
302 178
257 130
120 142
244 39
275 170
203 168
317 130
166 202
274 104
80 205
101 134
178 142
349 97
389 53
366 80
183 54
233 126
191 123
374 44
68 34
353 10
364 91
259 191
33 77
291 200
408 185
76 29
309 126
49 42
169 207
126 77
109 202
304 27
36 123
296 72
283 177
204 86
180 134
79 133
213 52
371 125
330 190
203 128
98 37
293 179
280 61
376 54
176 48
123 178
102 32
374 139
369 202
221 150
45 209
346 108
393 121
153 183
302 102
91 13
226 148
323 59
76 184
389 20
184 166
288 130
93 204
169 100
206 183
58 16
366 77
203 11
391 75
272 175
236 112
290 108
45 25
275 123
91 158
380 86
205 61
233 60
163 206
24 116
281 119
301 87
142 112
138 75
165 201
285 21
363 195
330 47
75 205
379 34
350 120
213 141
183 109
381 167
286 21
187 154
347 145
158 89
54 108
256 107
108 21
250 64
101 177
187 99
371 56
293 17
61 119
361 81
93 110
53 76
391 83
27 159
364 63
403 207
142 103
99 156
84 158
351 177
320 65
380 179
127 43
105 15
224 154
143 41
185 105
296 35
358 71
383 147
260 136
70 80
93 155
62 46
357 164
98 119
244 115
373 140
405 196
61 133
319 168
288 62
209 28
318 115
19 185
143 141
330 164
255 77
285 102
342 72
230 23
333 139
251 31
142 177
238 117
139 99
17 163
402 95
286 113
160 13
230 169
403 205
312 11
212 85
212 66
357 138
145 119
23 12
236 101
208 24
162 132
42 64
239 82
207 133
408 94
116 80
262 119
276 181
340 37
63 153
59 182
130 189
140 204
265 203
350 93
402 89
280 171
371 69
161 84
335 71
166 205
85 29
76 11
281 42
55 106
87 48
26 202
198 177
96 158
249 104
362 95
236 189
138 129
253 81
47 115
24 182
226 109
152 27
352 173
251 47
169 179
325 67
169 94
407 93
229 198
129 90
328 171
230 148
46 165
208 188
177 166
164 114
386 38
167 131
122 13
96 154
225 46
80 162
64 74
287 138
354 34
153 202
192 41
185 29
317 105
21 208
286 45
218 18
351 87
377 124
306 156
274 195
377 100
48 140
70 142
406 151
161 147
360 31
281 34
12 137
239 140
370 107
64 208
99 55
193 186
118 47
207 72
217 115
375 166
189 170
404 146
114 181
408 82
390 98
13 132
200 183
363 94
162 149
317 127
294 160
287 94
295 28
155 186
203 194
276 66
192 75
34 14
237 148
256 181
171 10
354 32
84 120
283 23
298 55
206 27
267 174
115 139
67 90
124 203
322 23
72 122
304 168
280 162
383 115
369 54
368 168
161 79
408 108
357 47
340 65
378 74
298 80
323 145
226 10
347 73
310 131
59 188
102 88
350 15
398 18
146 43
364 28
274 135
364 114
50 54
279 114
171 21
108 135
232 104
125 123
176 134
77 189
36 186
56 132
171 19
148 67
93 54
311 37
189 42
153 146
362 164
235 59
167 205
232 34
362 105
43 190
82 105
385 142
237 99
400 83
56 31
137 179
248 62
186 99
185 127
22 85
197 130
153 115
375 208
183 50
305 138
20 26
122 49
265 141
268 78
198 22
205 28
147 13
156 202
396 80
399 197
396 187
395 198
344 155
323 32
15 95
324 156
129 72
209 120
302 147
170 109
368 181
306 32
12 167
161 148
405 161
151 110
177 115
131 121
176 106
323 155
298 120
348 16
233 160
237 13
151 160
287 39
264 151
399 117
203 113
383 67
77 121
313 137
47 206
118 180
282 25
175 43
80 118
114 132
324 145
326 208
284 51
34 116
230 181
107 106
73 164
237 63
269 62
381 102
366 204
172 189
221 88
30 143
215 88
123 26
122 140
278 137
182 37
29 188
240 110
80 134
253 176
181 168
332 104
266 141
68 59
13 30
113 94
329 182
41 207
18 112
180 80
115 176
171 205
390 167
96 203
148 123
383 108
141 118
179 200
138 206
139 166
97 77
174 171
264 106
174 154
110 208
137 126
151 53
389 52
310 165
93 180
96 40
183 128
110 10
217 54
179 33
171 123
79 12
349 201
147 74
236 186
310 97
34 29
312 112
188 113
149 159
192 184
332 37
286 46
256 74
150 129
398 206
234 203
192 178
278 157
242 94
301 31
35 122
69 166
15 209
391 133
202 91
176 151
111 114
267 179
10 175
306 177
387 126
114 53
364 15
191 170
236 158
248 192
141 133
141 32
227 89
206 95
271 170
261 74
114 119
246 50
182 41
214 80
57 39
170 162
331 131
386 126
267 106
38 182
348 73
367 188
174 70
249 192
90 37
55 169
238 84
392 89
42 169
25 68
10 10
43 57
197 102
150 105
325 26
142 16
216 54
69 178
230 161
49 56
132 130
63 43
201 89
312 168
303 149
355 37
28 120
316 75
337 32
403 76
387 158
344 87
408 52
390 105
356 51
13 158
341 91
84 161
107 30
62 32
45 143
381 100
184 31
85 191
361 25
258 199
252 55
236 194
390 75
106 34
400 138
357 147
261 54
143 10
14 52
243 169
251 142
206 200
70 121
190 158
83 153
154 89
106 51
227 178
296 131
218 148
66 112
114 142
107 125
262 71
265 113
366 138
211 201
30 66
29 148
384 200
120 152
228 154
115 67
164 150
166 60
189 24
305 107
155 72
401 71
259 112
291 159
87 172
11 146
182 154
295 90
130 180
191 22
310 196
272 168
280 167
74 103
379 61
327 205
200 73
93 27
110 60
309 180
375 14
348 96
317 207
250 106
269 171
322 99
58 133
153 104
277 189
299 194
172 84
26 173
113 152
344 27
221 131
55 50
341 145
350 107
283 98
31 100
87 20
135 16
360 45
22 141
277 119
320 38
217 109
115 59
271 93
314 70
26 71
384 191
409 20
249 131
328 50
30 95
282 80
263 203
262 69
127 157
176 166
258 172
57 71
362 127
25 121
202 20
188 173
10 77
315 136
149 152
125 48
191 165
30 78
138 126
142 100
171 186
380 81
265 130
197 35
86 89
408 68
274 173
364 32
91 195
340 165
89 90
210 36
41 61
185 183
328 79
103 156
211 203
243 153
333 146
68 120
129 41
163 69
168 161
273 189
44 112
75 50
142 193
141 141
134 55
213 171
105 192
314 178
223 104
29 149
53 51
62 71
81 159
210 173
325 176
259 119
373 150
25 144
124 77
248 187
236 132
89 89
212 128
398 32
167 97
112 206
59 44
203 87
191 203
349 131
353 115
299 148
398 108
100 70
347 190
314 23
372 58
270 129
227 110
379 142
227 110
182 172
149 191
308 161
291 149
157 72
67 168
128 60
95 170
198 197
130 12
187 17
149 82
123 189
364 100
73 156
170 15
102 198
92 19
320 108
132 21
57 28
117 128
378 201
191 136
87 164
363 56
276 96
233 204
56 170
407 121
161 208
118 204
249 45
296 24
280 202
156 92
281 142
221 52
273 200
135 118
350 52
300 64
284 181
70 73
94 155
46 165
346 197
13 149
278 48
368 134
354 72
17 16
278 94
404 130
334 51
63 148
147 117
238 150
75 112
198 15
371 94
72 152
333 73
280 170
389 16
190 141
40 40
332 67
167 77
322 84
312 66
127 107
318 86
41 120
346 87
335 80
66 179
44 170
81 180
302 139
158 164
376 37
194 50
229 195
116 19
207 200
247 85
303 185
344 63
309 184
48 101
89 26
336 147
259 75
382 152
281 41
10 149
311 14
166 37
228 138
342 192
322 200
212 35
182 95
55 58
345 149
197 64
126 31
183 70
85 19
188 146
367 10
176 34
19 160
206 162
33 46
132 138
37 203
374 36
13 30
358 20
190 86
274 49
325 53
286 131
58 187
148 77
137 31
137 124
356 68
322 209
35 121
390 12
222 24
294 33
364 132
202 176
252 69
14 183
85 102
237 50
185 129
269 150
383 137
315 163
17 88
248 81
243 10
197 204
54 17
26 26
219 123
317 155
347 201
353 155
327 33
141 93
76 94
287 96
185 142
80 38
36 109
250 146
25 113
344 82
308 61
124 206
386 177
278 200
291 18
52 172
227 54
309 162
409 99
35 33
143 112
144 174
243 116
255 93
61 142
167 87
34 140
163 22
24 16
270 21
300 56
302 203
144 85
301 33
201 22
304 105
408 158
97 138
279 195
48 66
22 161
282 67
182 198
120 113
279 79
156 74
333 115
87 71
392 30
190 27
404 113
350 49
221 176
77 139
215 28
180 136
366 114
250 141
106 51
162 144
149 181
344 153
79 195
87 25
369 209
223 167
273 83
21 89
406 109
332 56
365 165
227 96
235 129
206 142
164 107
185 66
155 196
154 191
170 128
343 73
164 190
392 22
202 107
62 208
11 151
84 178
207 88
261 65
326 150
335 69
12 47
182 192
369 171
219 199
70 146
190 142
281 157
306 96
149 131
112 111
132 13
207 137
359 44
115 116
87 33
163 203
252 77
336 58
46 42
114 126
379 146
260 153
248 110
244 36
283 130
404 197
88 183
148 100
171 113
84 17
22 154
196 192
315 174
31 87
267 57
359 63
336 54
178 17
409 66
70 99
36 112
65 19
353 69
268 12
35 39
224 23
218 202
218 195
336 179
75 32
65 80
355 40
350 135
63 103
195 119
288 44
280 117
319 57
181 127
270 24
377 134
320 46
253 183
123 45
356 162
205 132
54 160
45 129
397 14
100 202
127 119
251 176
254 185
118 46
285 62
370 161
260 206
251 159
53 19
385 181
383 133
220 84
274 23
349 75
325 18
295 131
277 192
286 71
271 52
175 10
128 192
64 190
315 31
89 58
235 76
356 115
297 58
112 111
15 182
236 198
318 170
354 130
301 84
402 112
211 190
129 70
264 54
257 16
311 185
339 158
198 12
298 137
377 179
306 190
356 197
17 25
95 96
45 62
79 89
382 123
290 135
116 98
59 169
300 86
320 172
128 172
32 57
285 141
312 127
281 192
24 45
148 21
82 83
126 183
274 49
58 138
196 55
401 125
306 167
122 89
317 200
184 132
111 197
36 159
223 37
317 78
404 116
398 97
237 154
287 38
304 187
270 58
385 151
175 208
181 66
129 185
248 206
324 61
28 31
216 72
132 111
119 64
400 52
278 134
57 63
279 131
207 78
339 101
16 21
358 27
348 96
140 77
359 60
331 207
399 39
400 160
335 180
222 125
67 75
212 19
173 97
47 86
72 180
128 51
186 66
399 149
255 107
16 142
35 163
181 43
256 53
308 14
298 44
154 126
151 91
368 185
291 40
398 21
210 28
13 204
327 15
305 70
405 25
135 163
196 52
42 33
119 184
204 66
219 63
340 90
210 187
163 136
81 76
332 179
119 78
83 159
175 98
84 175
55 100
280 29
402 126
51 160
363 163
65 54
172 37
163 66
29 99
52 79
352 157
81 190
381 98
169 92
202 13
33 72
13 123
283 107
245 184
231 137
245 131
346 23
227 159
271 54
144 179
140 103
216 195
134 142
365 40
247 188
15 183
79 128
175 38
120 102
20 60
239 163
381 49
112 128
296 155
305 85
243 162
242 199
289 175
210 85
95 73
406 135
295 71
278 64
357 205
344 126
264 49
258 199
235 93
42 127
293 18
399 207
334 130
382 200
323 175
126 152
347 11
13 196
122 103
46 63
358 96
387 66
377 47
232 125
327 119
256 188
32 108
356 101
312 18
232 145
37 172
320 74
217 87
244 12
48 102
96 94
236 135
159 115
367 117
233 148
296 136
154 88
35 82
229 63
58 139
409 51
224 15
98 200
352 150
291 126
193 92
67 21
29 162
182 176
178 85
398 132
200 62
385 107
356 162
76 84
108 123
104 38
44 110
60 141
121 94
387 91
116 129
128 27
34 65
287 122
185 46
222 198
285 138
268 68
156 206
176 13
182 147
125 201
129 203
228 95
380 200
11 66
211 101
173 56
130 181
387 104
173 24
193 90
48 117
307 36
162 164
41 121
288 43
353 108
311 100
260 86
337 29
20 21
340 128
229 109
87 28
104 11
295 12
400 143
41 166
47 146
208 126
176 169
385 20
219 73
229 43
372 27
288 156
148 193
304 131
45 10
55 175
104 106
204 96
322 118
303 172
278 79
28 43
12 13
354 36
227 77
389 103
106 126
144 108
278 200
175 60
303 174
11 39
235 94
359 101
31 199
123 33
339 50
159 99
213 60
363 100
161 147
333 152
336 174
74 127
399 162
56 132
146 106
347 186
152 87
223 115
367 57
214 100
107 188
145 77
100 78
164 37
286 112
342 62
30 60
134 36
249 78
292 131
174 70
143 66
55 204
91 91
27 124
406 205
376 125
330 195
256 93
165 118
241 47
231 168
314 159
396 107
107 149
364 106
156 185
31 173
160 70
100 147
203 57
147 91
49 36
194 132
129 86
389 166
179 30
154 72
14 40
388 196
333 86
118 103
114 27
98 157
124 52
354 69
149 168
311 192
207 34
320 136
224 164
286 119
331 181
165 109
113 158
389 39
232 10
74 204
139 165
49 145
82 159
125 39
147 192
184 51
377 174
397 119
276 156
118 96
369 166
225 80
124 130
233 156
51 177
322 152
12 127
244 113
250 70
124 43
108 58
80 197
263 185
49 162
117 17
406 65
381 46
262 15
21 196
406 83
118 186
52 90
111 192
195 157
284 10
233 160
105 149
325 204
81 138
36 71
236 57
22 146
200 104
140 11
342 51
213 36
137 46
330 132
107 201
134 117
257 107
266 38
368 42
304 97
192 10
254 191
319 44
189 203
233 17
395 132
151 16
382 183
293 36
282 53
169 185
244 185
17 96
312 188
395 201
184 52
235 16
134 130
217 108
389 52
137 12
298 43
271 34
24 205
114 77
45 125
256 65
167 201
290 122
59 92
274 81
23 157
394 85
150 97
335 126
116 125
174 119
322 70
390 74
205 132
70 32
90 156
24 152
357 21
14 104
266 125
155 98
227 21
230 113
372 130
11 77
291 102
258 42
347 39
356 63
243 77
347 70
59 186
361 183
295 149
140 99
31 31
352 22
293 26
182 139
409 135
180 54
250 47
109 94
253 76
114 114
243 73
40 166
294 119
44 150
308 105
261 74
384 50
73 114
69 14
370 180
140 182
98 84
384 168
261 195
224 175
199 171
165 126
358 73
244 59
280 36
150 26
15 134
262 126
284 161
91 135
323 19
247 209
222 141
271 162
292 104
379 190
379 161
384 166
283 79
125 142
373 18
291 30
388 94
169 132
51 136
78 23
48 153
16 151
335 129
173 203
257 22
376 179
183 108
334 168
81 119
57 168
220 191
52 150
108 107
81 170
198 42
72 197
97 117
368 208
381 177
275 117
293 156
141 29
129 190
197 155
192 162
95 42
244 12
113 203
382 37
341 81
43 69
367 121
335 120
95 147
33 69
313 110
279 91
403 196
372 76
46 137
303 23
169 26
101 192
370 19
194 83
367 202
204 97
76 42
336 146
325 202
258 44
342 40
303 146
130 32
53 193
369 201
278 55
205 185
104 172
271 48
208 190
373 67
320 199
135 26
223 18
154 204
152 135
308 209
70 186
289 121
350 123
246 187
93 185
404 88
196 176
351 185
65 141
48 78
64 39
295 120
257 201
117 81
172 165
137 43
290 115
121 15
294 10
36 47
301 182
102 125
49 155
203 142
252 161
183 169
35 200
166 116
384 166
351 65
69 15
14 173
126 76
35 130
150 151
293 85
236 22
202 130
296 86
299 78
297 145
372 174
225 195
170 126
323 194
64 117
155 20
107 55
111 22
341 82
341 202
351 85
341 152
282 62
128 200
103 107
145 102
109 156
258 23
156 79
274 68
32 163
375 77
104 121
63 112
55 119
187 42
235 15
269 196
252 81
337 122
231 84
314 144
332 178
15 45
324 45
182 85
135 196
95 170
381 123
37 11
163 154
368 175
384 60
222 188
361 178
403 131
82 185
207 22
375 138
175 109
58 17
102 45
156 208
382 74
65 157
41 94
319 33
61 131
264 82
111 61
393 147
175 132
114 34
261 33
342 131
378 86
197 203
235 187
249 24
25 190
205 207
388 42
213 165
169 92
121 130
25 130
404 43
124 20
333 135
102 208
147 85
25 177
334 124
91 63
36 98
314 141
169 201
141 175
75 31
156 34
93 69
131 112
49 154
51 148
300 145
361 92
132 24
211 165
13 50
160 162
373 56
264 208
45 19
236 124
265 37
383 190
266 41
309 170
58 104
218 92
262 166
151 132
115 76
160 130
234 71
146 180
294 80
283 30
273 158
26 89
121 25
137 183
248 144
215 102
325 13
219 19
21 183
390 153
214 97
25 42
381 185
359 20
62 196
12 136
12 24
270 15
146 138
34 62
337 152
18 149
187 66
270 186
31 133
385 82
150 111
53 59
158 146
25 163
212 51
82 77
311 146
176 86
11 111
19 99
44 59
365 94
211 181
185 40
397 198
141 128
282 207
316 197
356 153
111 193
49 133
389 166
170 133
361 94
61 186
131 53
272 40
81 57
39 143
374 190
215 180
388 99
172 39
87 65
152 190
34 101
381 89
254 35
109 39
319 69
208 98
170 45
406 151
68 104
13 169
173 163
229 157
189 82
50 160
29 126
146 120
217 55
352 105
196 43
168 106
61 86
236 119
64 18
22 64
240 168
14 105
212 112
207 163
160 70
85 123
134 206
186 57
396 128
146 60
159 39
338 189
136 55
264 49
238 205
247 34
93 164
322 200
85 149
300 108
326 30
381 14
90 78
376 32
355 136
42 34
184 62
101 23
10 32
382 56
75 134
259 135
225 42
257 167
248 209
149 90
54 67
178 115
114 48
371 189
119 166
65 107
406 41
119 98
90 179
212 140
224 116
160 183
390 26
275 85
147 148
178 52
360 132
220 209
181 12
84 88
127 115
303 192
321 32
81 149
97 29
387 133
356 191
135 80
180 149
335 65
128 120
267 122
69 146
386 111
332 186
243 74
260 118
284 63
321 178
91 24
261 24
402 68
175 56
192 11
65 187
30 149
230 26
248 172
84 173
61 135
398 177
296 169
13 152
272 65
159 47
140 59
192 116
27 71
345 199
355 208
231 51
361 48
286 101
272 130
221 180
197 128
307 17
315 150
258 137
130 206
82 200
142 102
378 161
132 207
59 163
136 87
269 30
293 202
223 63
77 68
72 80
386 34
115 131
19 105
11 128
331 127
67 85
359 17
249 22
295 37
236 117
102 81
156 51
365 19
65 192
21 74
78 56
284 197
375 167
154 107
369 125
179 34
249 77
144 84
119 171
90 55
292 53
70 132
139 19
120 203
364 89
17 188
86 101
122 161
198 92
278 10
171 202
18 65
28 73
401 167
108 121
198 119
236 153
48 74
82 78
365 26
265 50
392 195
57 46
165 166
24 171
208 152
401 204
160 58
164 128
385 11
382 192
370 187
139 92
124 113
25 107
149 192
143 122
100 133
366 132
149 156
390 187
143 83
156 54
85 151
378 155
10 174
87 175
328 85
169 132
178 147
121 34
56 205
166 82
43 51
93 206
146 35
391 117
109 173
242 78
280 111
21 90
338 34
47 39
126 100
351 130
41 183
265 156
238 97
199 25
278 118
270 189
164 11
387 128
176 37
382 44
66 106
269 92
386 181
28 159
93 56
276 29
331 44
33 81
286 173
233 176
349 116
202 209
146 53
163 77
273 42
69 97
235 103
395 145
258 57
376 48
157 136
192 134
350 108
378 152
194 127
388 78
120 79
408 169
310 31
301 180
280 70
81 84
315 168
134 27
41 84
282 97
118 166
348 36
123 94
363 90
288 97
145 172
207 149
384 110
38 51
44 140
333 184
137 167
201 100
214 199
81 168
283 203
111 193
47 88
361 74
332 159
337 41
215 50
377 128
139 183
219 143
261 53
216 64
102 39
31 27
260 88
240 196
258 70
178 169
193 161
226 136
406 22
109 193
334 95
287 159
224 13
109 77
386 73
336 70
351 206
307 14
55 204
399 71
263 73
325 78
314 24
236 184
48 191
75 47
303 83
281 202
103 31
67 83
378 77
254 114
108 116
302 187
247 51
294 179
338 101
65 169
35 165
160 34
370 115
245 165
112 16
319 201
121 142
327 163
294 68
250 156
37 121
360 107
76 126
349 87
364 209
46 56
275 95
54 54
261 50
97 106
156 147
185 116
29 26
287 12
348 100
188 37
115 180
329 134
79 13
236 11
364 166
19 84
82 87
294 29
352 27
280 61
280 127
78 19
27 34
116 126
86 125
156 115
333 61
24 61
55 87
218 151
346 11
74 134
265 100
376 189
123 183
210 24
398 90
56 102
123 63
254 201
316 16
258 95
155 173
30 142
61 180
144 155
191 25
201 84
159 87
147 15
95 165
310 50
149 132
157 69
374 80
244 197
37 69
53 202
230 132
339 170
184 54
214 119
258 64
361 143
365 55
112 172
370 158
270 195
134 206
278 176
179 158
400 74
377 139
286 138
277 193
175 66
208 50
116 156
187 23
18 88
41 205
23 202
127 121
384 115
183 56
330 127
315 16
168 24
128 203
389 25
400 53
202 117
173 179
290 128
163 70
171 94
141 161
224 171
155 23
149 162
386 81
19 107
405 175
69 71
242 164
114 29
112 15
283 10
88 167
231 76
177 150
126 32
17 202
243 85
224 136
165 25
31 137
359 18
281 98
191 39
200 47
364 136
236 160
188 163
184 166
252 97
205 79
289 112
11 200
359 138
181 43
104 118
228 42
95 109
191 58
158 16
10 203
364 81
108 71
355 95
21 121
153 29
64 16
237 37
229 52
373 105
82 201
70 194
155 34
19 149
192 167
233 59
206 73
27 111
377 141
25 22
24 200
54 130
17 194
282 111
406 142
309 10
400 169
374 70
348 41
11 16
83 208
345 118
222 89
47 60
297 138
310 127
408 26
363 174
136 117
240 38
103 14
303 124
246 188
161 160
237 184
303 144
112 110
199 146
49 170
208 39
311 133
289 124
253 16
303 83
141 32
198 18
143 34
219 169
380 65
15 178
184 174
214 44
304 136
361 64
208 196
184 80
328 142
116 60
400 209
156 160
329 59
278 187
310 29
369 184
107 89
120 138
308 13
185 180
394 31
375 87
82 73
93 159
278 87
309 16
184 134
120 124
243 159
406 177
52 45
152 153
42 116
68 18
26 90
240 159
262 74
283 30
47 190
249 204
232 197
125 134
365 78
348 145
68 36
143 188
178 122
89 180
145 145
346 128
81 23
259 79
237 122
267 143
175 70
146 159
38 75
292 159
39 122
144 142
402 97
121 116
87 158
252 114
121 184
19 14
113 20
74 179
86 103
208 105
267 119
33 49
57 199
273 67
255 98
267 179
55 159
107 193
12 70
201 121
121 115
119 51
355 176
236 51
25 152
194 163
250 201
381 80
328 17
302 35
364 165
295 40
315 78
175 180
311 173
279 50
137 55
78 79
333 12
83 135
14 149
281 63
149 141
144 109
236 90
113 69
39 76
394 21
213 85
299 139
338 64
256 134
177 71
304 138
42 208
373 87
158 112
29 148
210 51
64 177
107 82
147 106
119 134
13 139
93 52
88 96
341 106
314 83
58 161
100 68
127 99
251 12
208 198
165 194
283 138
38 202
15 200
12 123
68 140
392 152
11 92
190 145
230 113
126 195
43 37
148 173
406 109
12 28
189 74
91 145
408 27
346 122
80 157
388 55
278 181
386 141
167 157
357 176
143 157
116 180
205 148
358 125
150 160
178 40
108 178
373 74
319 205
324 55
196 208
290 37
374 202
341 66
106 206
308 180
280 39
195 32
263 22
83 124
295 121
115 33
149 158
284 187
314 81
91 171
37 146
336 207
171 106
87 136
284 208
100 180
199 79
197 125
145 186
274 74
306 27
216 205
240 135
199 189
384 22
57 52
90 74
148 132
13 55
305 109
67 170
93 98
326 188
336 21
195 49
157 176
174 99
89 174
390 205
96 120
250 53
148 164
220 201
151 12
405 30
235 59
105 141
183 21
76 103
317 23
166 122
122 28
19 116
366 138
14 167
157 117
191 86
245 90
66 111
305 46
250 41
364 176
85 176
138 101
162 151
132 123
353 126
67 96
122 116
63 179
144 102
231 146
183 128
116 158
116 27
41 132
308 88
238 198
144 172
158 58
191 181
157 57
268 188
158 10
394 91
147 23
21 89
342 145
299 76
312 48
202 46
329 133
172 58
183 180
129 201
250 108
363 200
255 113
64 77
227 100
171 194
275 152
164 121
178 112
369 113
43 56
301 175
71 114
57 32
16 58
64 206
55 203
175 177
244 27
372 201
252 196
53 201
391 93
37 29
66 81
356 152
99 126
100 159
140 33
211 114
273 183
53 172
253 23
17 32
258 119
304 143
271 124
33 175
55 22
49 86
272 51
313 128
329 50
264 117
48 187
242 31
242 157
345 90
292 16
43 44
354 21
381 159
198 11
103 109
251 131
287 204
226 149
90 130
197 204
272 10
106 200
287 103
299 163
131 129
291 31
101 118
75 117
401 114
279 17
109 82
10 28
215 134
401 209
398 109
223 45
212 205
100 65
177 171
371 201
315 128
404 178
198 181
151 40
247 80
299 165
365 31
126 137
145 140
101 190
45 138
78 179
284 112
180 172
369 203
307 184
282 168
221 203
406 18
28 36
68 33
313 81
110 20
269 162
198 56
70 20
64 113
123 63
401 144
403 10
86 22
307 110
23 105
71 80
253 172
212 202
370 27
379 84
344 200
368 159
205 87
219 59
318 121
334 66
186 159
361 204
408 141
27 156
10 98
218 123
404 108
21 51
264 89
23 198
100 179
270 65
47 20
365 67
63 43
79 10
271 53
286 105
79 167
307 186
396 19
62 202
210 50
231 109
207 185
278 144
265 126
177 166
211 77
260 132
252 78
406 97
72 129
105 168
404 61
274 177
340 77
106 95
255 45
404 154
333 155
208 40
128 33
175 95
97 18
392 47
332 187
123 110
46 68
324 11
350 111
241 119
282 24
359 105
116 165
355 113
125 185
317 103
399 179
273 205
17 52
353 98
311 185
117 16
297 86
245 185
277 124
376 189
407 83
62 71
199 172
283 58
404 192
180 85
288 37
127 94
364 123
38 174
326 81
269 33
367 110
245 74
274 37
399 44
210 87
196 99
371 151
309 148
76 43
239 203
267 71
321 44
169 14
177 196
208 107
107 192
186 172
299 126
60 73
382 91
99 108
276 156
61 81
41 121
220 71
372 71
198 200
319 85
48 54
72 50
381 150
151 205
289 81
225 156
379 48
284 49
258 193
357 178
159 192
207 200
396 191
396 171
43 168
240 99
58 74
228 186
101 123
169 168
125 85
205 47
40 36
387 192
120 94
158 133
16 12
318 121
309 185
31 181
321 176
125 45
334 83
317 154
49 129
184 129
53 103
361 76
41 99
121 39
92 76
72 21
345 54
175 204
206 13
196 15
49 16
398 203
292 96
250 172
104 161
173 112
145 200
347 20
217 157
39 158
295 203
363 74
321 126
299 17
47 140
21 184
370 39
139 197
357 202
309 86
371 138
400 61
249 111
60 191
221 155
213 133
224 154
95 157
112 155
359 145
272 174
264 95
124 150
380 171
264 129
276 178
280 69
313 136
326 181
259 197
175 29
234 164
191 10
204 132
382 29
318 154
330 194
358 126
375 12
136 117
197 180
336 95
130 17
16 10
383 26
282 183
326 138
48 35
316 163
25 128
292 94
55 125
117 89
103 20
156 114
217 139
117 67
81 181
406 207
28 105
268 205
263 187
251 130
253 42
32 107
367 74
361 116
265 90
103 154
339 113
386 168
245 61
158 208
334 12
30 87
295 62
278 150
307 83
52 15
266 65
82 85
310 96
69 87
237 162
74 158
337 181
18 109
197 187
107 160
129 68
145 24
343 34
52 135
390 109
396 54
191 168
154 39
198 188
129 192
75 203
357 45
10 160
99 97
304 205
289 190
160 53
359 83
21 123
142 205
360 203
408 106
387 95
17 90
151 172
276 70
171 191
128 198
407 122
301 149
384 116
378 104
132 79
409 15
296 19
77 115
128 67
210 113
64 39
14 197
320 42
310 18
69 53
340 41
173 67
360 105
75 206
157 14
117 50
222 29
58 153
232 126
183 39
353 11
284 78
201 161
299 53
160 92
32 164
152 39
199 68
173 132
266 76
322 177
155 207
158 92
81 108
391 41
214 86
13 97
400 102
346 157
110 125
281 35
214 150
277 32
140 187
67 183
133 175
146 121
157 52
369 61
390 86
19 34
275 40
31 187
180 117
330 34
18 146
57 152
317 18
97 131
355 161
194 106
308 133
148 13
340 122
272 152
369 166
258 89
262 101
206 120
79 149
176 79
190 35
232 202
398 88
246 193
309 119
35 203
239 200
256 198
152 122
306 68
250 180
63 31
41 133
34 65
11 68
85 125
28 114
47 202
368 168
332 41
298 27
333 69
29 103
47 91
385 18
80 106
153 208
95 156
178 168
372 109
334 28
240 108
370 30
37 128
157 10
41 180
394 15
360 22
167 90
72 85
359 12
321 153
117 42
268 71
11 134
106 133
33 100
329 171
25 136
131 43
315 150
407 18
301 209
348 103
197 120
195 75
402 167
93 18
71 162
333 121
346 191
15 40
76 68
24 35
73 110
288 203
211 108
174 170
394 139
290 79
111 203
361 102
345 50
348 204
360 160
90 26
327 203
40 159
119 68
374 123
330 137
292 89
269 84
196 61
186 132
209 207
61 66
353 78
53 159
39 168
349 12
252 144
268 194
319 42
138 180
202 36
244 161
23 37
97 94
339 186
389 180
290 198
214 181
371 90
398 189
309 125
225 175
106 78
384 189
347 96
124 140
349 13
206 31
194 142
391 170
114 50
259 106
76 93
324 140
360 98
284 68
399 85
27 87
221 170
362 146
85 90
262 60
261 103
305 121
204 21
166 161
346 100
12 168
39 51
301 15
406 104
23 92
75 173
146 173
171 69
259 155
51 47
384 172
268 161
37 177
221 186
359 161
66 121
343 189
315 161
170 127
376 81
326 85
99 79
127 170
350 62
99 70
32 80
114 20
74 149
66 141
270 131
290 52
322 72
110 89
369 63
146 146
147 48
275 207
31 115
138 196
158 181
178 13
65 28
292 101
293 168
192 55
374 51
335 192
370 154
311 157
288 92
399 25
177 59
388 82
53 16
27 189
241 164
295 70
160 188
109 189
391 164
118 157
13 192
22 95
347 175
347 111
192 73
279 133
297 178
289 166
47 175
265 100
257 121
251 27
180 144
214 13
39 185
286 89
300 59
30 16
196 150
386 136
330 85
195 52
19 110
68 83
388 176
14 160
341 204
87 35
21 175
375 14
254 158
270 90
106 179
96 130
246 200
403 16
341 169
107 16
136 167
388 154
13 58
80 155
342 206
240 78
140 113
376 46
67 180
351 128
399 41
340 31
263 156
408 168
297 20
327 39
15 100
312 129
17 85
296 148
283 95
225 36
352 151
193 87
350 59
344 75
308 84
34 22
97 155
279 206
95 159
223 187
369 70
41 66
296 114
77 19
268 142
321 93
137 137
250 56
24 138
371 131
255 13
274 159
108 140
265 12
30 130
346 170
388 108
47 11
235 25
297 32
113 163
247 129
335 78
26 56
151 73
118 32
59 115
140 178
62 64
53 32
286 100
369 54
210 191
370 118
384 185
242 131
243 48
188 88
315 103
122 209
405 25
347 42
333 175
295 199
113 151
165 44
216 62
252 46
114 198
153 201
354 123
258 44
297 122
136 50
341 132
322 82
10 130
183 129
351 65
396 158
252 200
192 127
195 31
339 74
61 154
46 110
214 190
207 147
92 92
51 191
67 12
298 195
93 195
261 157
216 80
115 71
152 19
397 56
295 48
30 114
186 19
295 124
134 27
370 64
18 100
197 55
351 175
409 180
166 37
348 55
224 109
276 107
60 122
309 209
316 208
308 158
337 64
221 123
41 34
18 139
86 130
405 83
304 182
201 117
381 47
147 85
336 127
326 144
240 162
32 25
155 168
47 110
11 65
248 187
23 34
73 125
141 207
13 49
303 49
336 174
139 122
36 176
271 71
131 183
365 38
69 112
267 71
37 26
175 208
335 123
233 171
109 196
81 131
259 27
18 183
167 63
183 134
389 89
310 164
209 169
250 180
62 142
37 22
255 114
181 18
44 78
182 86
23 74
313 173
352 55
147 17
166 80
169 194
222 14
331 159
265 164
159 36
321 187
143 45
132 191
389 194
341 25
310 139
63 93
253 182
139 103
218 102
20 138
362 23
185 113
104 128
291 114
132 87
359 183
228 123
254 127
40 142
195 173
322 49
397 207
165 109
302 41
286 87
11 27
209 180
333 73
197 102
230 145
354 93
360 34
393 33
355 107
149 142
110 194
145 193
344 182
90 51
191 207
199 140
65 124
198 98
353 117
200 33
316 99
256 149
12 109
168 38
28 132
212 83
62 128
139 203
282 172
148 143
263 200
269 188
335 158
98 120
174 135
107 170
331 167
278 63
171 38
312 195
81 184
270 93
362 112
89 70
169 40
201 194
174 20
137 16
157 32
219 95
60 46
133 81
12 157
141 149
28 158
145 47
346 97
106 139
92 184
178 74
254 34
291 188
188 99
34 31
387 169
156 110
307 138
223 126
119 156
108 93
248 166
316 67
303 13
353 134
202 177
14 56
369 186
73 180
233 37
224 65
200 43
74 30
154 163
16 87
260 206
123 87
295 92
399 183
391 134
249 157
381 164
101 112
169 208
212 171
44 162
363 176
261 141
255 191
138 137
16 175
298 26
339 100
241 202
101 10
363 203
348 169
284 39
272 25
160 28
283 96
126 106
236 74
50 198
258 72
204 76
183 20
51 184
155 43
221 54
19 124
131 148
81 201
273 108
54 76
236 190
374 204
119 93
59 199
71 200
284 58
294 132
78 78
21 201
347 29
181 178
115 127
55 145
257 190
178 98
368 64
342 54
317 78
399 155
270 144
380 82
115 140
256 50
284 63
265 75
172 18
95 69
44 104
351 18
195 184
233 41
165 14
278 28
25 15
14 148
239 29
217 28
113 151
180 76
218 76
391 191
229 137
148 183
23 42
354 111
95 134
140 64
189 110
196 136
385 46
11 33
165 61
309 134
46 66
248 91
318 16
262 13
94 27
124 112
363 139
186 112
334 168
371 201
112 55
167 187
397 148
80 64
73 208
41 184
96 198
390 208
258 128
159 190
159 199
143 80
304 27
253 61
199 56
104 75
103 49
152 99
374 137
307 67
49 128
45 106
193 170
196 65
302 127
155 184
257 70
228 175
14 91
84 46
322 171
18 14
57 46
63 114
339 68
253 96
311 98
409 149
41 175
331 176
408 43
400 141
267 104
277 21
190 75
326 171
215 196
328 42
366 155
164 14
60 38
245 73
67 129
341 71
254 85
130 147
266 132
71 155
246 164
216 202
87 10
349 21
335 121
19 120
47 115
239 73
250 150
85 116
156 179
168 17
298 43
163 20
60 43
295 172
329 26
182 206
193 89
303 130
81 42
347 166
147 115
328 137
100 85
371 179
10 200
203 180
277 98
68 34
196 48
122 46
364 171
310 17
21 159
229 83
166 64
135 173
274 174
86 144
210 59
344 13
357 73
214 102
341 209
158 93
284 74
150 91
407 23
274 187
346 61
23 81
244 99
81 61
132 66
258 109
364 31
44 34
54 62
353 105
388 41
345 100
123 42
68 26
163 77
48 165
104 154
29 170
21 66
15 151
386 87
276 128
219 169
151 90
84 94
228 131
25 202
45 161
42 159
284 27
279 70
249 197
328 95
47 48
241 190
170 161
228 94
324 49
279 114
209 165
359 82
231 166
237 35
209 75
64 162
390 46
379 114
389 69
177 28
164 162
62 206
218 109
112 167
170 136
358 178
305 203
87 201
273 17
87 28
95 146
373 106
233 155
104 24
156 155
171 184
117 72
86 187
167 145
352 41
237 133
50 152
192 20
237 180
155 67
383 110
61 38
50 176
46 106
133 128
38 105
127 59
234 57
97 148
393 119
27 77
70 200
226 197
326 24
304 106
29 22
13 49
36 184
269 76
318 203
394 59
26 62
388 166
27 111
149 178
343 14
409 58
365 81
334 184
203 127
313 156
367 97
42 20
284 182
32 69
350 94
192 89
18 33
226 113
160 209
316 173
234 173
163 161
170 168
303 154
151 73
383 202
392 92
45 208
140 161
371 76
73 179
78 33
308 132
209 132
384 175
45 68
218 14
352 18
389 101
204 195
337 103
330 99
386 23
110 100
78 18
109 72
230 43
76 44
232 30
298 173
373 81
65 143
319 112
265 84
277 137
222 162
130 23
194 200
211 122
102 97
168 79
102 130
252 180
130 185
264 135
84 119
149 119
143 48
97 147
52 39
276 114
283 55
403 75
48 176
52 102
332 135
291 73
230 105
228 72
121 193
75 119
216 136
25 26
399 140
279 159
59 157
248 122
397 147
265 161
155 60
381 25
88 93
327 25
38 14
294 13
280 75
344 54
140 153
264 120
25 54
266 92
262 195
74 127
379 118
95 123
44 139
53 68
339 124
59 94
29 65
74 117
280 17
216 44
266 17
284 106
262 28
226 154
27 44
289 19
62 55
76 127
201 94
182 127
260 155
409 135
403 121
216 206
272 176
211 57
362 104
155 169
125 142
231 18
52 173
215 196
349 87
391 111
76 125
230 179
275 187
231 206
321 70
247 194
88 50
113 198
323 48
302 107
279 53
289 154
329 89
226 44
96 150
297 42
349 95
46 78
121 59
254 162
237 26
321 104
200 79
313 129
76 167
333 138
394 153
312 35
176 78
315 194
32 83
250 152
290 52
134 34
173 156
374 123
338 154
140 207
297 174
405 187
208 141
112 60
192 145
147 166
243 156
298 94
132 206
114 209
101 205
118 37
391 165
23 209
133 153
97 129
242 24
283 69
132 43
255 155
401 174
379 113
105 28
407 207
84 208
216 77
78 122
373 57
143 151
104 204
64 69
199 141
43 188
148 173
194 64
97 117
227 87
296 13
299 158
330 15
152 121
262 52
243 122
28 117
110 50
323 60
298 110
312 163
157 35
200 29
162 157
63 60
192 109
354 99
224 65
138 45
313 48
18 30
382 54
67 185
283 173
254 161
332 77
250 131
15 141
14 132
202 98
161 143
160 39
80 170
208 158
161 42
254 38
293 107
342 54
258 180
399 72
178 187
157 58
86 197
25 89
64 41
244 150
319 78
105 150
140 57
371 141
309 196
176 42
231 75
164 185
289 104
272 141
375 154
325 132
340 162
244 200
260 86
407 106
321 89
181 186
332 26
98 68
382 84
53 21
144 30
383 95
104 172
328 10
196 174
316 203
156 208
38 73
387 58
76 77
398 184
187 66
25 204
100 126
134 98
343 175
247 61
31 97
62 184
207 119
99 96
107 201
230 200
186 13
293 149
362 104
176 19
68 86
27 55
49 185
36 143
14 47
197 126
268 191
44 189
188 53
138 126
201 140
409 154
309 163
402 47
105 147
93 34
343 48
313 139
114 110
79 209
177 117
114 83
79 64
154 81
199 195
210 146
62 132
30 167
209 12
369 176
273 157
78 117
44 125
397 48
190 20
176 97
120 11
390 50
47 133
112 141
280 178
211 162
51 74
381 149
165 151
155 24
363 78
378 205
251 200
125 142
333 195
159 32
379 22
89 53
117 102
358 97
279 138
340 184
223 125
270 30
266 181
392 111
398 80
395 184
253 63
18 45
264 37
180 181
66 25
275 74
23 33
19 126
93 114
271 51
26 166
25 185
182 142
80 157
130 48
247 87
249 178
132 45
262 104
374 159
374 194
251 35
335 113
176 186
162 195
42 202
173 133
293 173
259 185
155 114
240 169
343 67
120 82
123 135
335 180
303 136
271 49
186 119
181 52
261 86
300 36
62 111
367 57
43 204
89 63
257 199
303 112
243 122
320 87
286 33
220 74
373 95
403 151
392 142
15 51
330 19
373 70
147 81
344 155
227 101
175 39
361 26
55 208
259 102
219 112
55 60
148 81
385 132
364 164
77 56
55 101
55 56
20 137
177 48
64 138
389 168
397 18
316 12
97 143
159 69
65 150
28 169
111 59
186 62
289 31
256 205
213 51
228 116
162 148
272 180
352 207
153 61
315 143
402 206
84 93
126 137
344 200
278 110
229 85
218 47
395 96
315 173
63 172
328 41
294 191
87 45
191 186
167 52
66 167
339 86
40 195
169 201
298 71
76 101
287 97
200 166
272 153
404 104
207 97
188 150
24 195
15 43
230 90
262 125
264 114
183 198
182 41
312 205
271 10
136 124
260 55
75 147
27 159
84 142
140 177
360 43
240 128
320 206
108 191
127 184
40 151
357 53
116 78
67 109
189 106
368 29
221 143
108 199
209 21
147 199
223 125
84 104
39 197
130 198
361 186
234 77
295 182
326 26
285 115
34 89
190 23
125 95
369 104
147 112
44 113
56 20
239 77
183 69
164 187
348 52
21 163
175 140
47 193
386 127
54 15
396 169
121 128
360 202
232 34
295 95
339 155
77 75
404 24
171 18
335 121
248 126
345 97
197 86
23 165
305 99
153 131
27 189
311 133
326 94
266 126
242 172
142 36
248 141
326 14
310 183
353 64
300 150
220 93
230 81
232 133
155 14
269 143
149 205
63 192
386 51
256 92
394 48
86 92
306 91
110 25
353 12
161 120
17 50
230 207
328 102
121 62
343 144
155 186
275 89
393 158
34 113
81 35
216 177
306 58
195 163
387 119
404 65
247 168
15 20
16 189
228 182
354 163
47 161
57 20
300 25
61 202
336 24
181 52
20 129
122 151
227 95
318 16
86 22
12 193
174 50
49 114
290 63
139 154
345 169
81 62
378 54
276 194
194 24
325 94
310 22
199 122
249 158
389 165
145 76
199 90
117 166
97 12
89 139
93 92
158 105
299 120
243 22
53 14
81 153
344 138
405 26
208 36
383 151
386 133
43 137
400 91
333 55
153 204
259 185
47 208
70 135
205 57
288 66
89 119
36 51
294 183
347 156
301 124
347 44
253 81
397 63
48 174
350 140
272 201
150 160
42 174
136 60
193 98
121 35
54 69
373 55
264 86
398 180
278 99
102 204
60 193
111 60
190 153
96 175
206 108
299 170
196 40
253 48
15 187
406 159
71 199
138 35
100 63
103 177
180 177
40 63
409 12
41 186
82 148
171 111
300 84
362 206
343 187
382 196
285 195
127 56
33 86
284 161
213 185
30 45
94 13
360 85
332 35
194 111
292 24
311 36
192 178
219 172
59 114
321 102
181 114
283 85
382 113
163 167
304 180
266 31
317 208
96 134
347 117
403 157
237 85
155 134
53 133
197 20
294 19
206 96
175 65
67 94
404 105
135 87
143 138
85 63
360 129
118 74
176 107
116 27
372 10
112 53
144 46
82 22
18 46
111 73
129 56
287 74
398 125
192 119
153 32
213 117
343 193
35 97
98 108
269 41
370 47
94 10
123 109
408 130
39 12
42 160
373 118
71 171
337 14
229 97
359 201
195 122
66 151
287 99
90 81
182 31
142 126
349 51
77 65
32 176
11 205
281 119
162 76
35 144
343 84
383 116
207 99
231 116
306 164
257 73
351 178
199 181
384 77
197 57
318 19
130 145
168 56
338 141
81 41
346 65
248 54
22 40
379 142
41 92
286 199
227 209
313 174
279 91
64 108
189 140
23 98
229 67
389 38
302 50
104 54
294 126
394 84
386 196
179 139
96 58
206 97
315 100
336 38
207 73
167 132
286 181
63 55
115 23
363 126
324 38
242 43
253 199
71 111
283 114
109 186
389 167
11 42
146 67
173 57
247 127
252 172
48 18
335 65
354 46
257 177
398 25
260 159
216 173
310 175
360 153
131 202
32 57
124 89
112 132
407 48
23 197
391 157
139 165
365 193
203 78
383 47
82 35
56 10
366 182
256 92
34 138
269 68
89 50
345 135
109 185
247 82
407 12
369 23
359 28
275 199
134 17
365 39
41 20
85 101
169 115
331 53
321 91
241 183
280 112
123 51
400 209
131 120
94 114
145 113
379 81
249 26
10 69
372 57
75 132
35 152
79 205
369 186
77 205
361 76
373 197
281 14
355 59
261 50
197 64
159 76
272 131
261 114
113 196
283 54
288 59
219 114
169 202
218 196
62 168
205 162
295 136
155 143
380 185
229 47
84 103
131 39
383 82
321 160
209 205
90 150
319 50
212 124
367 108
365 131
203 100
307 82
55 81
58 31
148 170
25 79
307 189
22 67
222 38
260 148
19 120
330 208
146 119
118 45
185 169
178 38
398 58
133 68
253 127
349 78
371 198
299 140
106 60
239 32
373 134
407 22
383 13
50 197
79 51
234 166
191 83
305 181
13 56
42 207
369 124
332 91
96 149
99 107
241 107
135 13
190 108
353 180
397 139
11 165
303 127
119 95
168 96
371 58
321 184
123 11
43 167
287 151
341 103
295 191
191 97
373 98
127 128
282 185
372 36
379 159
202 58
229 167
125 138
111 11
130 120
223 154
130 200
143 113
360 140
225 85
221 120
129 48
177 24
106 115
141 24
108 107
231 155
13 143
118 120
173 152
247 18
318 25
207 119
403 74
210 172
184 80
51 143
387 199
268 29
202 10
193 69
21 74
352 100
181 102
363 66
181 74
122 125
16 11
202 164
116 201
251 175
197 150
185 150
148 158
200 175
337 200
166 124
159 68
123 100
72 53
388 120
240 137
337 121
382 54
267 64
408 207
378 126
351 199
182 109
187 110
173 158
376 138
84 53
337 200
177 130
219 59
280 106
166 44
245 85
143 50
170 89
121 76
361 199
126 53
356 68
225 110
258 43
309 203
229 208
83 95
282 200
184 41
177 32
317 139
270 163
91 192
366 32
239 31
334 203
330 61
201 59
60 23
96 20
194 160
63 118
270 112
110 117
390 78
37 18
367 207
403 66
75 160
65 198
352 72
402 43
236 129
238 194
70 89
367 19
343 172
75 29
248 156
132 185
221 171
237 136
195 40
142 170
342 89
361 73
38 104
109 125
107 57
203 169
279 51
183 198
298 53
369 39
316 34
261 76
358 16
240 75
34 38
117 83
132 108
335 195
281 143
135 187
272 133
119 65
149 29
96 183
133 43
169 122
143 131
346 126
408 60
200 169
50 40
65 181
14 104
122 50
175 108
391 164
17 100
300 72
394 17
257 196
80 207
219 208
251 207
201 208
140 112
219 35
365 158
58 169
251 118
180 72
130 128
135 159
360 30
240 167
205 148
260 63
65 33
318 72
135 157
346 120
248 171
386 10
107 49
136 53
67 85
211 44
298 171
349 174
45 116
124 111
215 33
95 135
178 32
252 137
203 54
407 31
294 190
213 108
83 73
178 138
351 94
80 165
141 12
162 208
310 142
120 174
303 150
59 36
170 141
155 13
176 145
406 174
366 184
364 195
109 165
65 161
182 161
67 85
69 67
333 61
157 83
188 14
61 155
351 182
386 151
52 19
317 183
176 179
374 90
319 149
49 69
350 56
336 157
372 99
169 97
296 29
282 204
399 70
90 81
309 29
33 183
286 163
202 63
381 79
264 68
181 204
280 203
350 193
86 179
347 55
306 30
281 112
307 160
154 61
268 64
403 25
111 76
323 165
320 186
325 203
139 101
375 103
185 189
60 170
94 178
367 113
22 105
362 70
18 200
165 125
125 79
210 154
85 95
377 193
134 160
80 46
200 134
141 174
28 91
271 157
290 99
58 17
240 35
177 199
62 59
104 181
229 14
42 32
377 96
185 167
388 136
85 103
406 30
143 25
154 118
46 49
362 77
66 95
389 171
102 59
80 34
91 197
59 95
147 139
341 126
203 119
339 34
221 200
13 14
261 184
281 45
354 77
125 169
223 188
351 10
355 11
207 141
102 53
343 119
277 124
225 154
407 201
218 56
337 64
38 133
198 91
276 130
163 171
259 158
283 86
245 184
15 77
275 91
64 85
385 97
119 129
404 75
293 78
305 103
214 151
391 124
76 170
80 162
313 194
68 85
285 30
239 36
401 50
276 117
226 205
402 139
98 67
214 42
76 196
320 90
343 85
346 82
333 93
183 79
348 138
121 46
252 141
278 78
306 187
299 74
356 45
385 101
142 51
287 94
325 21
32 199
315 90
407 128
34 180
384 89
211 163
281 160
65 57
385 72
186 174
223 179
142 118
374 112
115 119
216 200
296 95
120 158
121 86
101 70
290 103
228 40
120 29
204 140
388 100
296 175
337 69
392 167
24 182
154 44
217 49
24 16
61 148
241 136
394 193
284 107
39 15
201 154
193 192
43 89
173 68
356 30
158 55
47 71
361 150
84 136
119 80
391 189
252 90
98 205
134 131
276 200
231 82
42 98
119 44
45 32
323 83
188 178
186 19
251 74
202 15
172 109
327 51
29 191
12 179
35 148
277 52
326 28
107 121
92 174
321 106
282 152
32 144
264 206
190 179
133 121
148 183
235 18
351 68
211 184
246 126
12 54
62 141
41 64
395 69
409 95
297 32
395 90
74 66
128 40
80 118
83 180
316 48
167 64
104 202
305 85
307 50
198 50
235 44
357 203
207 36
296 12
309 143
279 78
314 147
141 112
264 52
383 42
349 112
347 119
170 189
237 209
200 161
408 177
306 147
307 166
143 24
65 117
126 24
326 203
104 170
406 64
160 61
48 188
238 201
188 62
300 197
33 18
288 178
234 42
92 128
282 65
322 208
173 180
252 161
192 114
11 95
372 109
318 161
383 57
262 50
324 13
183 26
308 72
50 173
181 166
145 101
370 67
17 20
259 39
327 36
158 10
29 34
30 169
124 96
291 82
286 146
330 69
180 12
79 20
53 66
96 140
152 112
355 28
388 35
299 142
294 200
135 20
132 115
220 108
336 178
100 47
398 91
390 62
217 51
216 134
82 57
307 30
43 171
214 102
211 183
190 146
403 100
228 63
217 114
22 62
178 119
203 199
302 36
305 103
126 144
58 109
177 131
119 209
208 189
18 158
54 103
66 146
68 18
203 12
132 24
165 205
252 160
319 170
357 13
50 41
45 17
234 33
298 54
147 191
48 173
368 63
100 187
178 80
242 65
22 34
380 83
288 92
52 43
296 89
173 174
146 99
108 167
338 52
324 75
287 64
131 133
359 103
23 75
83 57
149 121
109 50
251 84
207 145
20 209
174 172
284 47
23 142
293 91
121 132
153 59
179 92
160 76
47 190
277 23
255 95
148 162
247 44
87 164
219 197
290 131
394 90
171 49
27 10
174 147
167 33
271 84
72 73
177 106
16 125
343 136
109 186
169 132
380 183
281 177
363 55
375 15
19 44
242 106
214 78
335 161
85 36
15 47
197 154
124 63
179 172
84 100
406 130
42 207
84 164
217 29
55 32
250 31
241 121
152 163
350 66
258 91
346 84
113 93
259 117
218 115
111 10
118 52
385 165
272 59
296 138
63 102
328 15
101 82
285 66
279 148
45 104
30 195
382 106
172 181
344 186
307 135
348 48
147 209
230 174
195 64
142 82
306 166
53 165
110 71
366 183
53 38
91 189
42 96
90 190
26 86
351 163
79 121
19 85
165 105
269 75
155 127
17 195
220 171
118 185
334 32
61 199
91 23
254 100
287 114
389 15
193 34
285 181
390 42
283 10
177 158
111 165
127 150
38 102
99 183
20 84
365 132
176 162
97 177
48 147
261 104
231 118
74 200
300 91
31 131
92 134
82 30
307 11
329 206
55 51
192 17
166 46
195 203
145 18
159 90
328 122
196 20
360 90
397 136
227 178
35 186
31 130
31 171
17 125
143 96
11 113
299 169
244 126
24 77
231 28
188 68
399 122
163 45
385 84
402 18
74 37
298 105
139 22
191 75
386 189
58 122
75 17
171 119
86 188
83 50
91 51
145 30
139 51
300 99
73 140
320 30
298 34
92 150
56 97
219 56
365 161
130 118
14 50
250 163
101 42
13 18
308 164
215 80
343 84
117 30
121 89
337 76
394 113
353 19
47 195
92 41
186 105
286 82
220 157
30 109
376 61
318 77
298 42
131 169
376 141
23 55
152 187
251 140
242 123
224 102
407 117
135 206
322 126
391 80
381 169
288 53
312 104
78 187
102 43
384 67
56 16
169 20
286 115
55 158
362 88
50 97
56 87
167 143
396 71
278 143
218 15
392 35
219 193
37 141
286 119
213 157
142 106
341 206
403 177
125 178
155 71
47 27
346 17
386 60
272 94
49 167
170 143
94 80
219 64
10 97
253 80
249 135
370 86
257 126
80 164
388 201
365 177
399 116
54 177
18 181
326 88
144 112
182 24
233 194
112 126
55 112
24 59
37 186
125 170
311 122
252 165
294 73
246 117
26 156
355 66
301 178
247 119
173 74
116 122
66 98
144 27
290 43
89 146
81 204
166 46
29 107
351 20
345 155
336 12
119 203
282 66
364 171
202 99
15 45
206 126
242 33
37 190
276 144
295 189
69 102
197 11
108 90
338 127
262 64
178 86
240 209
98 122
86 201
168 76
285 17
140 180
222 149
295 112
308 105
186 60
105 208
403 65
283 78
300 113
21 158
196 42
219 198
259 33
37 82
232 104
368 182
36 19
193 16
60 96
252 45
235 54
52 67
279 119
324 110
21 24
381 47
127 152
289 186
53 191
303 151
98 50
288 196
144 204
226 153
94 55
242 115
305 123
223 205
297 126
205 196
310 197
328 26
282 65
153 93
161 110
158 193
142 16
100 147
135 183
344 159
197 140
351 133
260 12
387 127
242 173
335 39
374 95
124 167
254 205
285 72
222 163
359 206
389 115
102 60
82 99
60 84
215 176
219 50
189 121
325 162
377 29
194 143
13 71
226 93
177 67
195 201
340 145
357 40
206 98
124 149
248 80
102 159
142 99
126 82
275 209
16 13
342 165
398 44
356 100
274 46
269 188
229 66
348 78
383 157
241 125
367 71
225 151
222 64
81 148
352 109
30 125
251 135
289 62
266 110
225 183
228 113
154 111
169 177
204 170
188 71
119 198
135 43
102 56
124 63
281 204
312 179
295 172
173 34
115 72
288 77
207 79
367 198
302 189
167 152
31 158
181 45
407 155
236 16
93 66
263 100
300 154
63 204
405 183
319 61
195 90
22 177
179 37
60 21
195 14
345 133
42 34
19 87
153 12
246 37
177 174
184 135
276 63
61 96
256 45
137 120
250 85
197 42
119 161
260 182
129 17
229 98
183 45
347 93
118 90
12 156
23 131
215 112
361 98
266 31
241 135
403 27
110 32
277 104
258 114
237 33
238 207
149 126
125 200
232 71
69 20
151 20
201 178
172 23
146 172
142 122
110 189
372 150
185 148
365 91
364 17
319 175
276 31
367 57
37 194
224 77
158 172
383 109
302 51
159 77
71 68
288 39
114 198
358 169
195 56
199 36
62 181
84 22
202 42
252 98
278 116
397 87
409 55
364 166
318 101
263 160
352 11
74 160
258 147
191 52
275 21
153 129
303 175
98 103
57 135
307 59
72 78
405 189
95 87
22 137
66 112
94 145
86 201
338 155
184 107
88 143
65 147
172 100
72 22
146 35
24 15
142 43
403 15
129 87
231 28
148 165
193 53
346 89
144 141
257 66
219 79
89 138
389 113
168 139
175 107
269 144
31 89
67 90
352 87
232 69
346 110
79 26
403 20
36 94
246 48
142 27
259 150
217 117
247 71
260 208
254 38
120 176
86 142
395 137
326 112
164 104
111 171
48 193
401 164
163 178
321 73
211 144
393 97
50 73
384 151
202 194
172 110
14 57
342 166
110 118
125 127
363 142
78 94
28 72
50 62
17 44
376 81
246 151
36 159
282 180
24 182
48 120
226 11
181 29
262 192
100 170
350 103
87 152
175 165
126 104
174 82
404 107
163 104
272 50
332 161
266 200
165 143
95 76
103 54
407 19
287 125
52 93
256 189
77 183
75 112
189 25
126 111
54 201
314 85
377 208
122 23
106 203
289 80
303 149
387 175
26 99
135 12
328 88
331 36
264 33
297 105
128 140
89 165
76 141
70 208
57 89
373 16
322 47
51 49
40 59
223 102
231 157
72 38
390 49
24 146
31 184
337 85
64 183
103 85
209 55
318 98
344 93
245 109
25 170
324 115
241 22
18 81
165 33
74 66
103 146
142 111
313 131
236 39
117 124
272 31
172 159
123 51
237 116
163 189
312 62
283 13
212 158
308 91
158 15
195 65
371 105
325 52
335 186
81 20
311 161
365 122
68 45
228 106
241 86
214 137
264 90
256 89
295 83
253 162
360 103
333 75
97 56
406 177
138 76
168 31
205 96
373 39
195 25
321 176
396 67
374 57
382 206
379 60
35 45
214 150
140 17
399 111
27 126
344 117
15 11
42 206
65 192
353 45
63 59
234 180
278 20
188 108
325 178
101 121
16 60
342 169
322 125
114 165
135 74
227 129
217 86
254 193
121 80
151 69
304 123
344 111
103 167
190 178
100 158
213 101
85 73
86 120
114 43
45 135
238 62
207 28
46 205
236 113
46 90
50 159
240 106
242 105
150 69
279 108
66 42
19 11
268 130
284 134
180 203
136 90
88 113
229 151
24 160
364 126
312 117
87 186
342 182
192 169
108 151
12 66
40 46
104 129
187 145
210 192
367 86
44 145
205 51
364 194
157 23
263 31
126 121
96 14
233 72
43 119
33 35
311 75
190 66
59 143
171 156
96 41
44 154
336 82
212 164
317 140
406 115
196 173
138 30
340 133
162 49
314 44
349 43
191 48
204 150
324 118
116 45
364 143
67 121
156 29
38 140
46 101
186 74
108 199
226 68
75 52
25 31
309 208
88 29
28 24
154 91
316 54
222 82
240 90
44 113
296 187
348 67
345 110
99 117
22 134
79 59
190 142
374 188
341 115
346 179
295 100
335 31
330 62
128 77
372 195
335 76
93 164
139 65
166 159
263 181
138 106
217 28
260 192
80 38
65 75
58 148
391 60
228 99
70 127
339 101
270 66
355 33
290 207
318 151
188 127
320 16
368 154
232 61
197 157
401 15
353 43
129 15
244 183
66 136
89 72
367 193
408 94
273 127
15 140
188 43
355 23
195 88
369 22
19 15
169 107
15 102
350 209
103 70
343 101
334 132
250 162
156 91
217 200
242 48
269 125
28 22
67 207
203 11
276 32
276 11
409 74
51 195
383 173
356 24
39 208
275 193
193 172
290 98
362 95
235 35
67 64
215 41
324 166
143 51
369 205
369 31
108 147
261 142
188 176
367 61
76 149
280 142
102 79
89 182
98 12
247 144
201 37
133 42
287 12
134 86
273 80
371 197
187 174
380 39
13 34
258 125
63 135
260 114
210 139
40 143
409 174
125 143
376 61
302 43
76 178
281 78
123 126
321 123
29 154
66 198
219 66
179 32
167 92
384 31
124 79
104 149
343 166
100 88
407 127
10 18
305 24
113 106
199 162
165 27
10 152
29 147
141 169
155 158
252 108
68 196
365 68
241 33
341 92
293 11
286 204
80 49
88 133
403 130
62 74
181 124
202 15
198 94
332 14
114 48
342 128
120 57
28 113
251 89
138 47
344 32
54 196
377 111
360 10
122 22
215 158
155 125
406 120
357 199
350 42
384 44
158 88
195 182
225 199
301 150
399 88
245 184
326 118
397 180
58 86
253 78
106 119
237 80
181 67
305 134
301 141
332 155
379 147
175 187
276 181
97 144
315 22
275 113
230 91
276 127
341 82
67 34
128 133
83 132
320 143
68 60
337 198
127 54
182 185
322 136
14 92
13 168
374 154
300 52
239 178
118 98
33 77
21 114
319 119
55 193
237 196
52 143
16 150
177 115
38 148
389 109
150 36
26 44
88 107
70 114
103 12
362 28
86 40
27 22
130 134
47 71
246 132
154 209
116 132
122 44
243 161
112 202
36 92
16 70
138 66
26 161
152 73
90 158
45 163
317 47
254 145
293 142
323 76
222 192
85 192
210 143
325 51
282 160
177 44
103 133
259 71
192 171
26 176
44 190
317 197
306 123
365 25
127 14
266 183
24 46
153 20
289 150
341 160
45 77
180 190
38 192
219 17
111 70
244 177
377 125
206 151
67 35
278 86
22 127
341 26
47 137
330 174
142 168
138 192
95 162
37 191
278 105
42 160
17 68
302 45
409 35
41 120
89 184
289 151
17 154
140 208
333 51
31 158
226 196
28 140
217 40
348 162
352 23
121 14
92 124
208 84
195 184
181 129
282 152
39 148
394 197
181 119
376 19
257 181
165 36
84 156
147 117
194 12
153 170
272 144
41 110
115 205
128 141
346 89
174 173
47 79
231 161
346 71
89 89
215 59
287 87
73 47
277 51
30 168
316 97
373 49
288 81
222 97
41 136
385 105
319 157
273 85
113 183
210 74
40 157
25 183
23 45
323 14
246 81
361 124
176 190
130 175
409 111
169 88
196 35
273 137
115 138
262 153
96 29
246 85
348 39
352 49
375 142
27 176
319 158
298 152
172 201
46 130
267 119
13 145
329 132
114 136
388 91
165 136
236 101
285 162
223 127
338 67
277 74
200 14
313 188
201 62
281 144
50 115
48 41
17 108
114 157
109 111
312 80
278 37
61 198
287 113
87 133
73 10
106 201
290 167
25 122
238 139
47 36
132 18
286 198
125 130
326 205
216 93
215 145
146 158
298 183
340 106
189 49
221 201
238 20
305 196
250 128
258 10
118 125
79 150
270 188
394 67
108 67
126 107
347 14
320 179
284 122
229 131
393 51
261 134
152 153
382 85
227 22
188 72
246 123
72 151
344 28
255 14
109 105
388 200
11 127
200 21
187 78
297 175
355 131
281 41
98 161
384 177
283 204
133 136
86 79
153 15
403 150
52 12
49 142
180 109
158 108
163 44
47 11
184 140
242 194
81 99
130 101
272 105
267 186
371 112
63 199
57 92
297 203
177 36
79 202
277 97
365 61
263 15
208 17
91 91
351 94
374 124
369 163
197 60
315 168
400 24
169 165
352 190
192 81
95 175
161 173
112 149
160 10
367 111
213 120
281 115
259 73
15 35
375 101
343 155
179 63
292 201
204 15
263 78
145 98
53 20
285 111
347 41
223 123
384 179
279 48
378 124
195 113
340 33
44 137
318 29
235 61
293 11
368 95
277 11
132 180
76 140
316 136
208 140
289 121
372 44
126 57
167 88
314 152
94 21
39 25
163 11
42 43
269 197
364 75
178 38
144 41
363 175
54 200
247 71
143 138
130 202
274 171
327 165
319 140
36 208
66 148
109 20
281 34
323 112
298 197
311 63
399 135
362 140
371 56
310 81
194 23
370 156
283 46
34 171
201 47
334 49
259 25
84 202
321 208
208 179
48 132
379 13
263 208
97 156
171 54
39 43
368 145
285 186
113 35
225 147
337 152
68 201
195 74
145 154
343 191
187 63
327 16
118 209
289 115
105 22
165 43
338 20
145 150
106 46
363 160
363 93
159 55
31 200
186 110
75 70
358 21
332 203
182 121
288 194
21 128
169 139
298 72
237 197
191 104
49 157
66 39
408 128
283 36
294 117
143 181
154 198
325 20
364 48
103 47
82 169
315 135
377 186
354 155
98 22
224 86
171 58
94 22
48 100
13 23
370 201
188 199
87 145
155 27
145 150
208 162
83 158
154 208
338 148
85 174
41 158
286 24
207 186
87 95
332 10
204 64
154 107
103 12
345 72
49 25
117 36
26 98
204 208
203 99
363 49
378 103
280 134
335 61
405 24
388 72
35 154
401 183
214 164
217 164
88 35
223 152
400 43
285 23
20 127
183 144
316 24
27 24
361 197
347 159
358 162
47 171
398 84
100 92
302 75
186 200
76 145
253 159
393 178
49 33
131 76
100 159
366 10
94 112
323 155
92 93
137 192
110 103
20 71
317 15
379 17
241 94
62 202
226 78
104 58
286 193
337 79
10 144
263 190
108 175
31 138
185 87
54 155
266 116
29 83
20 160
148 141
184 23
293 167
392 93
21 74
235 197
231 143
131 116
370 117
173 157
147 200
265 181
406 59
171 154
113 209
32 184
161 72
149 60
346 24
245 100
377 155
337 206
364 37
389 137
324 86
25 162
330 53
357 199
128 55
216 161
25 65
363 125
347 42
209 11
356 76
338 147
347 109
136 149
184 89
42 120
311 202
71 30
361 66
37 110
172 104
267 113
44 18
107 136
345 90
340 150
123 92
375 163
355 79
280 16
404 145
24 98
226 72
225 33
122 167
273 136
130 69
186 154
242 133
377 90
307 65
54 11
407 191
347 26
202 185
185 201
327 48
327 78
78 49
365 107
20 203
144 78
43 191
142 124
356 25
44 138
162 118
366 68
129 86
264 129
263 20
306 159
217 28
65 187
81 189
340 156
255 151
91 89
62 118
143 95
217 207
62 47
317 146
262 120
272 81
324 49
130 152
333 113
339 206
300 203
69 123
205 180
260 42
203 167
179 169
229 107
281 110
37 203
92 148
164 70
380 167
408 144
404 157
224 153
12 93
18 149
82 92
50 115
26 197
390 66
339 72
343 65
268 127
267 69
184 37
161 184
94 128
156 88
195 113
276 198
220 194
121 64
207 207
201 194
73 95
180 112
389 165
302 71
395 170
294 61
168 29
116 61
13 110
56 103
298 47
256 136
44 100
234 142
308 189
155 47
250 209
159 91
130 189
291 62
270 46
222 42
164 11
295 133
33 206
83 95
46 85
302 151
354 196
300 150
393 133
176 172
164 131
61 129
64 163
396 207
395 115
237 126
36 152
128 96
179 43
134 119
185 67
148 27
89 89
217 144
151 72
368 199
255 12
344 140
249 140
273 105
204 35
377 40
97 187
57 14
234 99
394 143
242 203
107 180
374 12
167 60
213 118
35 58
388 28
182 51
180 91
284 187
24 11
140 65
66 197
152 79
46 110
260 118
385 10
123 194
403 21
319 82
123 150
320 108
57 13
335 38
234 182
259 87
311 182
300 55
208 133
390 156
55 141
191 182
63 82
44 182
295 195
265 179
369 192
369 76
185 20
189 93
130 29
399 36
146 170
226 155
401 92
186 67
398 40
162 150
403 187
22 158
362 103
45 133
384 110
28 188
153 132
311 192
100 185
72 161
176 191
37 189
335 106
190 205
106 118
100 54
342 29
144 67
149 208
291 209
47 173
281 203
243 187
388 23
121 10
86 192
106 86
271 30
178 150
152 163
372 207
286 174
94 23
404 22
191 127
114 55
247 128
18 209
158 145
61 26
248 71
17 24
70 151
54 100
304 72
97 59
115 101
56 111
21 89
360 197
289 203
387 136
351 92
30 198
34 127
26 89
313 145
208 49
398 73
131 136
307 129
17 87
351 109
330 71
163 60
276 138
97 101
62 194
271 28
244 122
168 141
131 117
260 47
45 91
314 165
334 27
387 153
208 165
256 106
284 87
334 168
354 83
409 13
283 127
31 134
189 69
215 122
207 60
114 34
110 111
336 194
15 140
22 79
101 47
271 154
341 136
96 92
265 42
304 186
242 110
168 19
33 191
264 126
343 87
106 202
60 163
10 153
109 58
406 52
265 52
291 37
319 40
257 81
80 86
95 156
122 134
193 162
312 209
225 203
148 183
117 22
286 136
80 193
178 119
138 192
373 163
148 68
16 144
167 62
144 55
221 20
124 177
99 155
233 105
76 191
12 146
201 38
318 118
280 155
196 202
235 90
63 198
363 47
384 73
188 164
337 116
114 98
369 94
20 160
174 128
353 18
215 58
96 172
386 30
108 103
28 138
288 146
15 140
319 165
233 130
327 162
107 143
71 198
94 157
206 14
45 95
86 173
191 117
114 181
323 190
259 92
258 177
33 201
111 37
296 71
354 138
273 201
373 103
147 22
30 190
249 160
63 84
69 199
394 69
277 100
201 152
118 34
221 14
119 71
133 33
335 36
258 35
384 169
392 196
62 61
56 161
251 84
380 177
357 66
194 177
259 134
28 162
268 67
311 193
136 75
171 112
203 93
146 140
207 161
157 23
160 129
371 190
398 178
219 53
399 195
285 17
372 134
148 206
253 116
134 42
94 110
279 114
164 193
170 157
259 10
394 182
18 66
328 13
314 107
38 55
170 204
211 149
206 154
72 99
177 168
387 106
305 79
17 88
242 17
402 134
38 27
103 170
203 170
335 14
37 47
99 161
78 69
206 149
267 90
385 152
209 29
22 39
232 159
51 72
190 165
65 39
255 93
286 19
148 190
16 193
153 141
299 178
324 150
21 41
338 79
407 47
308 99
70 18
11 102
180 43
223 28
241 88
262 167
213 58
275 209
50 31
253 182
