18 178
357 115
11 111
406 66
298 115
336 13
40 19
305 112
58 17
143 114
377 75
381 20
353 110
314 89
310 46
395 121
334 154
106 25
218 166
14 37
86 48
77 176
52 207
320 131
148 81
310 108
248 93
347 81
260 88
106 206
363 59
305 147
376 188
404 66
90 52
149 207
180 146
98 177
371 86
95 88
81 160
182 87
346 202
76 11
125 115
293 125
325 110
219 165
185 66
11 87
257 11
129 171
186 145
70 143
363 199
54 136
361 103
135 25
264 203
358 58
211 47
244 21
205 150
17 69
233 139
120 152
40 201
284 191
17 116
193 27
117 170
334 138
67 60
305 50
249 177
163 205
13 37
158 190
235 45
60 123
368 87
146 52
246 96
221 107
192 165
363 140
105 134
350 199
376 80
156 83
103 123
139 13
100 171
59 57
199 106
116 105
133 94
401 172
69 15
125 200
161 123
237 83
223 85
126 62
240 12
385 67
408 152
372 81
176 67
404 166
201 165
367 124
18 72
126 15
187 197
258 22
282 62
367 111
14 190
135 80
275 166
376 171
374 194
136 50
249 107
271 20
328 166
39 206
205 133
288 46
65 28
199 36
212 79
263 209
16 169
192 76
73 24
311 187
23 160
111 135
262 109
342 148
125 101
371 111
287 157
319 152
223 11
65 42
247 172
303 81
11 159
321 20
89 161
104 130
68 42
319 25
97 88
353 133
257 50
11 111
256 152
275 78
301 130
154 18
219 174
286 190
408 142
131 13
188 121
290 73
276 16
402 184
400 123
71 16
169 70
120 180
343 31
245 192
354 17
377 177
296 181
12 25
398 151
269 73
266 79
206 15
97 106
239 179
28 128
256 197
400 167
337 73
382 200
140 85
296 56
54 178
149 90
306 161
327 202
263 88
59 45
211 109
369 120
191 155
269 182
132 99
205 198
46 44
107 100
305 110
357 111
250 19
219 27
55 167
361 160
121 185
71 58
329 67
285 146
361 63
282 61
284 34
359 204
376 94
359 204
75 138
290 94
76 204
19 186
307 202
286 103
92 133
309 190
344 192
221 88
101 96
397 109
223 75
23 103
166 62
346 118
82 34
231 69
388 78
226 93
271 83
172 129
39 44
351 113
137 108
409 202
203 85
12 134
357 150
213 201
400 29
348 12
222 53
171 149
219 161
227 174
386 50
43 180
371 165
43 131
147 169
232 89
308 71
64 144
55 10
265 48
175 114
212 157
280 108
56 124
280 180
141 83
84 166
213 18
102 56
370 181
110 180
228 99
167 101
257 180
380 64
330 14
298 14
92 120
375 134
212 139
227 136
391 46
94 119
113 17
267 183
251 61
291 40
19 202
173 128
199 112
124 48
385 114
57 128
42 71
83 93
360 19
229 36
138 118
71 23
358 203
103 15
144 108
281 170
350 12
300 48
169 45
272 49
391 115
213 201
119 209
245 134
268 170
165 129
78 51
263 11
221 151
100 35
39 154
232 85
284 163
302 196
81 84
206 83
162 131
309 49
219 166
292 99
392 50
91 70
11 133
119 46
126 13
153 160
170 32
361 119
103 165
107 149
53 131
337 23
362 161
65 95
205 206
56 188
243 162
111 156
72 180
78 109
81 165
238 121
399 172
243 168
277 52
121 90
206 20
366 165
281 149
113 171
279 129
26 88
183 161
170 27
366 112
372 43
285 191
12 84
62 136
382 17
96 135
66 76
163 85
95 28
325 191
30 183
111 95
321 80
26 185
195 122
38 145
401 14
219 195
138 57
33 155
179 106
302 206
174 138
286 192
315 21
88 31
335 40
174 32
53 36
277 17
355 98
230 95
254 174
356 129
192 57
318 20
393 170
88 177
83 117
37 140
283 47
280 61
397 33
380 68
30 115
255 193
96 10
358 74
50 141
381 25
230 108
399 61
312 130
405 39
251 125
18 24
181 131
302 58
190 152
240 164
389 37
338 129
148 27
176 99
406 48
273 203
53 73
122 69
88 201
255 66
173 113
363 142
355 89
273 76
172 133
340 110
161 43
52 57
247 20
202 112
160 26
295 160
405 57
104 36
98 120
124 18
194 10
312 157
77 24
267 92
143 17
30 195
139 69
15 25
240 206
30 194
250 88
326 142
140 139
368 50
349 151
21 29
369 183
243 93
314 104
274 27
13 20
167 180
42 202
57 97
23 105
386 186
44 149
71 15
228 104
204 103
210 77
242 124
130 209
66 46
130 147
239 151
240 197
343 183
86 91
202 18
68 180
367 166
332 39
50 89
148 112
306 147
375 74
299 39
189 135
399 40
381 198
394 18
192 13
22 126
247 175
124 50
223 31
140 208
36 14
271 94
389 130
203 38
102 111
327 126
267 18
192 67
52 28
91 130
115 203
267 96
198 15
181 170
17 140
211 119
140 155
198 204
285 166
399 160
279 12
80 154
99 89
302 15
157 194
201 105
67 16
16 44
138 67
191 171
226 152
250 170
218 102
142 13
86 101
294 33
48 192
396 73
398 85
352 109
307 147
382 77
184 99
171 124
27 170
16 59
264 62
170 203
280 182
273 96
216 159
263 42
123 188
372 149
18 118
272 67
267 61
144 96
312 181
341 183
322 60
113 28
61 100
283 121
157 148
309 76
41 67
348 33
304 32
383 164
329 107
292 178
271 200
152 25
109 62
38 205
374 163
185 116
392 106
405 124
114 143
227 59
148 98
395 23
357 75
135 48
379 45
213 27
310 53
222 112
14 13
341 70
95 92
162 45
242 161
287 84
270 168
18 68
158 27
221 61
308 61
242 16
222 131
107 132
41 100
57 85
308 19
203 26
358 90
354 118
242 17
355 33
313 15
364 71
176 207
10 58
245 127
346 27
364 174
14 79
143 76
115 192
149 199
145 153
98 83
194 22
32 169
231 139
187 163
231 156
19 30
185 93
382 65
37 27
253 53
278 147
128 142
306 57
44 50
221 27
379 127
234 127
100 17
212 34
269 20
204 123
47 95
372 112
265 154
364 143
343 193
378 119
100 49
191 192
174 107
328 160
25 167
114 16
343 75
130 15
326 115
291 93
362 75
65 90
365 171
54 183
276 122
131 109
228 206
354 21
133 115
25 129
357 203
257 57
304 20
184 112
191 136
84 128
318 185
297 202
83 43
397 171
299 111
25 164
71 13
99 153
360 25
250 108
54 162
177 130
71 47
384 54
286 26
295 45
274 178
100 58
113 195
327 115
405 201
148 28
86 157
377 42
239 94
369 170
293 60
136 67
277 50
32 170
301 154
355 77
303 117
314 65
146 203
205 135
265 79
28 13
23 118
301 161
99 122
23 156
377 139
287 84
65 69
209 18
84 111
385 134
156 171
178 159
299 170
407 40
95 170
24 127
196 170
231 167
379 116
20 104
138 28
334 174
355 49
27 128
10 82
89 113
161 83
405 148
118 88
365 12
191 105
337 146
245 38
383 26
31 53
240 120
368 50
300 15
84 78
405 186
118 107
291 127
326 70
108 168
378 142
262 156
290 93
271 78
272 77
125 60
184 156
130 139
292 115
131 168
395 179
297 154
307 81
71 167
36 124
268 188
47 140
236 25
111 77
394 163
207 61
345 68
45 154
211 128
125 95
121 178
144 89
157 119
70 93
124 208
322 108
176 110
222 145
309 49
383 82
218 73
41 190
314 201
134 47
236 25
243 183
23 99
300 15
314 168
233 22
203 44
25 31
319 167
62 14
26 13
344 36
119 113
295 89
297 93
347 178
131 29
287 163
373 109
374 38
264 159
276 204
12 114
95 68
256 160
87 58
82 182
180 138
312 185
16 205
174 191
261 195
288 172
24 42
27 94
358 149
207 75
13 201
375 74
334 76
220 87
146 182
295 171
123 133
214 27
380 12
177 191
363 59
141 118
182 21
160 128
52 109
342 36
382 27
100 28
350 14
139 77
246 114
367 107
243 204
313 205
292 203
394 173
150 34
256 131
354 19
270 98
73 158
247 26
254 90
187 32
229 51
53 131
27 37
388 72
262 176
201 121
382 132
64 201
365 55
339 107
355 53
171 108
76 39
360 61
390 23
83 54
237 131
98 40
154 160
364 25
12 80
269 173
181 111
380 115
296 171
60 142
33 26
400 173
134 169
194 190
348 50
293 78
286 133
217 67
153 82
160 142
299 21
383 27
206 140
390 11
175 101
163 28
196 131
276 199
126 75
365 195
314 114
105 208
94 81
387 38
83 28
23 15
13 79
309 146
243 209
326 129
315 38
98 126
213 56
145 33
12 158
256 21
136 88
295 124
263 209
24 112
157 77
123 20
217 205
216 26
203 137
372 30
403 150
112 194
283 40
333 75
296 89
357 148
221 131
326 27
304 50
80 81
289 166
146 13
88 96
144 163
126 194
103 48
239 44
292 121
31 52
322 205
395 117
258 121
209 196
48 195
274 87
275 169
118 158
69 66
81 119
68 85
245 13
409 176
136 104
327 100
344 115
246 56
268 130
288 82
28 90
395 61
372 70
