64
236
351
82
197
123
395
403
175
174
363
392
379
81
125
191
261
288
12
385
395
255
140
186
131
267
117
84
320
32
244
395
305
253
206
221
75
197
359
304
72
247
83
184
400
32
250
201
103
191
65
330
294
106
310
107
302
335
236
360
187
397
152
30
310
340
283
286
365
298
146
384
279
272
202
169
306
340
72
400
32
296
24
78
226
19
147
308
35
263
215
177
72
115
274
35
213
57
366
254
196
402
20
347
147
385
346
163
75
166
158
77
344
372
248
340
342
36
283
284
328
107
205
38
223
266
296
306
377
213
223
308
71
86
212
219
292
66
393
222
227
172
182
343
232
297
219
36
234
132
118
156
311
243
343
256
168
362
274
34
55
94
341
409
143
188
59
181
354
379
208
145
160
320
182
231
215
304
199
200
310
379
124
171
407
391
189
278
44
347
202
299
201
141
266
53
338
318
369
275
406
340
407
68
252
104
71
68
77
274
310
262
387
385
309
130
400
223
87
65
402
197
375
39
358
43
324
47
298
210
382
333
279
278
230
304
127
382
97
103
259
101
222
134
360
286
248
393
171
228
301
216
403
320
192
315
102
334
364
272
206
306
346
75
333
135
133
173
47
280
76
344
368
131
391
401
238
186
158
343
191
172
215
404
150
292
222
146
34
368
153
47
359
373
141
180
257
272
27
402
294
288
127
286
300
322
299
287
204
189
319
389
165
208
332
108
163
153
137
241
385
280
181
101
364
114
318
384
266
202
242
24
124
397
275
385
352
284
208
55
122
96
355
394
355
137
309
185
402
39
344
35
379
317
86
169
341
131
134
248
305
11
128
214
103
358
81
155
179
376
304
146
368
41
385
15
355
141
90
195
76
359
389
382
168
249
166
196
187
223
13
356
380
45
221
21
145
229
238
129
397
270
289
71
327
289
339
331
317
86
339
273
136
47
54
266
337
355
299
62
277
222
251
283
325
22
147
332
273
161
149
302
118
390
188
319
262
241
143
279
87
219
103
396
110
73
388
192
125
67
285
158
331
328
375
294
35
352
313
180
224
274
349
24
151
40
344
49
85
159
366
219
11
67
288
347
375
203
247
88
405
129
246
317
213
69
91
12
335
386
214
69
309
16
141
135
295
108
255
230
349
309
375
270
192
280
180
151
282
207
87
409
240
405
220
242
268
109
365
182
208
227
35
374
56
307
238
68
15
362
135
38
53
282
244
73
31
49
156
71
95
315
204
396
326
71
169
214
183
408
406
43
302
61
376
48
65
227
216
247
134
122
57
88
373
309
380
227
319
118
112
116
191
361
157
120
351
319
371
384
191
62
158
324
226
23
61
250
121
25
291
215
404
388
141
404
197
48
262
357
280
79
264
262
257
240
51
70
164
325
259
313
234
264
300
41
115
329
297
13
215
347
247
44
241
144
331
83
126
194
171
374
130
308
43
196
189
184
86
30
44
82
384
137
370
236
282
305
265
379
246
176
83
370
139
96
118
86
123
29
72
35
291
351
214
125
242
278
299
152
302
71
64
60
388
295
399
371
158
181
236
85
90
156
310
343
392
120
74
399
164
90
121
331
245
183
107
306
133
246
276
106
211
25
390
316
261
171
231
358
81
60
117
47
62
73
55
272
134
95
405
177
223
80
11
34
123
23
74
203
44
137
351
341
188
14
120
187
316
286
324
219
347
223
155
242
218
222
222
103
29
219
208
166
324
330
85
336
251
279
346
320
223
138
69
114
50
379
110
127
17
72
46
76
116
341
294
164
197
339
132
274
309
180
34
260
107
206
368
189
62
286
147
346
38
335
253
215
285
59
78
306
348
400
43
16
387
311
239
126
361
401
176
363
213
227
67
37
300
148
162
145
188
101
61
111
40
160
303
301
245
211
306
138
116
79
373
254
162
284
221
153
124
160
394
105
247
400
252
288
382
38
213
356
333
339
305
169
238
118
163
28
290
254
401
161
243
397
404
112
247
205
105
251
151
39
139
308
321
258
260
188
59
265
113
207
169
305
118
318
160
121
226
284
348
194
100
222
175
177
350
237
315
242
409
382
162
303
138
276
380
322
291
195
281
360
365
280
407
262
404
40
150
352
291
390
250
327
66
121
273
387
205
381
278
386
87
280
133
160
367
176
175
167
210
380
288
24
49
24
192
331
196
365
407
372
206
64
229
247
259
202
225
236
136
56
383
118
250
371
119
289
210
146
260
330
103
367
10
404
325
120
108
88
285
375
221
348
396
324
325
327
368
329
230
36
360
310
16
277
139
358
369
74
364
385
321
99
125
324
126
82
98
46
339
68
391
29
94
321
228
120
178
273
207
382
282
242
35
223
95
328
321
361
316
148
372
262
351
57
185
339
67
218
46
84
108
263
266
407
19
138
318
102
195
13
187
353
355
319
36
139
245
359
260
179
110
375
387
39
214
276
229
212
322
245
36
209
273
91
287
332
244
256
259
85
162
163
313
218
346
34
240
402
26
345
349
334
191
234
271
317
206
253
56
95
163
203
233
365
264
21
157
150
265
203
186
317
325
265
51
337
103
164
113
189
69
22
370
257
217
406
339
256
31
108
330
221
382
339
391
127
10
288
45
284
201
82
347
341
405
154
96
350
97
397
190
274
272
183
142
164
66
115
372
89
224
152
212
372
58
374
69
305
15
210
246
374
189
205
238
39
90
348
104
282
50
20
223
330
305
212
70
287
403
392
140
174
394
154
221
45
225
203
108
170
15
99
48
77
189
22
396
154
75
232
228
203
336
33
141
366
209
148
228
139
212
141
18
73
53
105
238
321
233
363
291
130
17
92
371
295
145
258
236
262
322
341
11
267
52
78
15
52
24
224
79
14
333
75
62
144
281
222
141
294
187
30
114
321
367
181
392
317
321
348
87
339
229
235
261
112
278
64
333
294
30
191
383
225
54
314
41
13
62
145
100
310
79
187
385
15
111
117
54
343
133
362
388
25
365
404
347
324
350
50
288
27
42
266
397
301
118
49
361
70
315
137
315
327
221
26
121
181
298
341
325
62
20
180
155
161
370
86
100
269
356
393
223
186
246
249
368
248
327
185
185
37
266
255
312
323
44
244
353
153
183
284
302
104
71
259
52
17
284
217
376
165
335
32
322
141
264
35
208
91
159
25
142
337
273
74
117
289
197
49
322
100
224
35
344
255
262
127
184
34
18
22
64
179
216
173
17
123
185
272
358
207
86
154
114
290
265
35
377
265
320
184
114
255
43
273
203
377
25
351
270
381
222
213
243
191
247
168
117
300
305
106
217
251
198
227
124
16
377
193
205
338
69
338
27
80
273
335
128
352
375
108
174
392
278
29
57
65
260
75
373
168
55
230
81
326
406
141
309
67
11
301
408
150
188
407
405
208
346
149
30
11
282
349
369
237
275
166
42
81
342
155
154
359
37
239
39
122
269
400
180
259
37
334
354
220
172
253
166
104
30
298
77
129
200
363
142
82
236
346
399
199
135
50
299
401
385
10
178
174
372
147
97
376
401
189
371
284
239
159
344
127
165
326
38
172
74
317
189
129
123
110
287
299
397
104
64
190
276
114
378
202
83
303
196
234
213
290
20
95
59
35
83
172
358
98
272
179
264
348
55
305
198
61
195
405
241
37
81
118
118
45
312
38
258
123
326
81
153
148
252
251
121
242
301
201
155
70
67
110
186
336
259
377
294
189
306
93
267
175
263
114
158
355
82
202
104
176
46
230
343
236
180
137
401
307
336
205
138
58
407
373
375
400
265
307
83
310
132
219
227
321
297
200
214
190
323
190
319
69
260
159
101
145
146
17
394
271
195
240
123
196
405
192
152
68
50
358
37
65
177
360
160
49
15
401
404
243
256
250
381
83
49
181
221
364
256
108
350
109
271
266
200
383
132
71
293
310
36
122
164
150
210
202
91
40
66
342
17
76
371
214
59
337
76
305
261
164
374
304
403
310
363
371
392
369
125
66
358
363
90
327
311
252
94
283
333
285
137
109
181
337
83
394
241
297
45
73
53
114
58
119
210
33
383
275
226
99
310
282
227
14
89
197
360
284
253
289
316
313
364
224
88
362
168
350
134
96
173
295
199
238
198
311
243
311
387
66
367
204
282
101
404
117
187
124
397
45
72
390
192
163
292
374
273
14
331
395
132
112
387
178
34
15
242
394
365
320
48
264
215
308
222
28
304
136
87
132
143
232
230
336
67
244
280
310
170
245
339
151
49
129
295
193
333
349
68
390
58
307
141
221
274
229
348
312
272
208
101
342
389
292
303
297
363
243
96
218
185
200
120
364
118
138
114
46
337
337
150
245
288
361
194
154
247
405
299
319
300
181
318
408
265
266
27
152
225
185
389
281
391
79
195
288
59
372
139
208
294
99
319
78
376
377
408
277
48
396
147
331
300
270
73
51
401
386
67
69
285
238
382
347
299
241
283
365
280
135
346
47
20
10
72
265
330
28
166
407
355
291
221
147
39
404
46
224
198
307
383
392
359
41
179
232
159
167
328
281
36
42
151
35
34
239
232
126
110
89
293
393
249
401
15
142
71
382
262
277
128
341
261
185
183
210
28
248
153
296
339
142
344
277
155
36
57
42
151
165
395
313
91
146
218
127
52
150
66
245
56
28
231
194
383
192
148
99
258
275
403
93
115
35
237
305
29
218
386
34
174
134
187
260
178
345
381
293
145
146
385
240
76
60
51
255
228
309
263
369
236
193
131
77
288
160
329
326
262
13
211
255
275
137
36
193
113
168
300
250
240
90
172
24
315
220
299
279
332
112
392
327
115
42
65
193
83
269
196
283
285
86
164
235
192
22
351
152
369
326
301
71
40
390
27
293
76
22
328
272
96
25
383
379
253
103
103
177
50
194
328
57
106
299
351
59
189
357
355
387
393
58
217
51
82
206
133
382
407
81
258
34
215
88
340
245
356
14
76
388
40
119
171
408
181
181
138
41
289
159
330
151
49
142
216
247
325
42
131
235
69
373
209
54
346
294
318
350
144
216
119
275
26
308
22
30
407
29
271
381
148
122
106
207
210
217
34
171
25
322
109
406
364
10
77
148
271
313
359
158
375
318
241
245
114
241
401
198
231
201
292
239
46
127
237
289
290
323
14
390
134
318
315
116
247
200
189
83
272
298
357
76
323
22
50
163
135
214
276
22
237
291
114
262
360
39
25
341
156
196
197
96
133
182
277
368
107
55
10
156
21
290
161
385
108
234
258
116
81
139
407
55
130
321
288
58
329
233
198
180
277
308
367
211
61
51
147
400
386
79
12
86
52
104
307
372
24
225
312
385
377
409
369
224
285
285
136
292
217
236
366
198
375
396
340
36
54
75
28
92
99
248
331
314
231
275
82
30
113
194
333
337
102
166
60
330
326
238
80
252
353
58
360
258
345
226
268
142
409
24
377
365
310
266
175
175
150
221
359
230
95
311
10
301
336
236
398
380
53
268
113
281
359
122
331
400
163
399
175
246
285
144
338
315
260
206
223
94
391
109
235
213
264
343
165
61
352
225
383
223
147
126
99
52
86
403
16
106
14
316
388
199
234
237
207
77
132
202
357
383
308
251
356
163
198
122
326
392
317
159
41
282
264
238
270
388
211
191
239
358
97
175
68
167
73
213
167
60
222
392
327
249
372
46
186
103
16
312
327
391
191
173
115
86
74
51
329
242
376
357
111
220
20
306
215
46
209
338
388
47
139
110
254
52
256
272
183
298
319
377
366
81
335
322
164
75
323
117
350
53
348
221
362
261
304
139
165
53
282
123
124
31
370
22
162
250
159
360
385
387
345
213
180
143
164
376
341
256
202
220
371
22
24
319
374
120
348
404
358
132
189
296
152
275
43
262
378
48
41
351
386
315
153
148
146
249
326
22
14
350
183
209
241
237
195
371
284
383
128
227
33
146
193
32
368
52
271
296
400
385
390
107
64
201
372
110
269
390
61
292
71
348
179
330
240
145
245
210
148
303
101
402
303
88
14
125
188
74
37
19
26
83
223
101
20
374
116
124
368
286
274
170
87
83
117
96
87
315
390
50
310
146
98
56
184
269
236
182
243
60
341
95
193
158
251
357
37
201
272
116
321
346
60
288
24
330
134
124
304
274
239
60
298
384
31
77
292
394
372
259
158
338
360
52
141
283
114
52
125
155
240
175
218
338
148
62
96
202
12
52
113
143
327
120
359
128
324
25
251
327
93
397
373
278
181
250
213
290
13
136
306
20
333
294
113
317
257
220
72
154
145
129
211
361
54
159
230
331
42
388
148
251
336
282
16
285
372
217
355
298
243
218
125
219
174
191
31
100
267
210
72
116
173
28
94
297
213
23
367
185
232
54
281
110
227
19
103
178
141
345
381
220
396
83
150
281
331
324
203
222
90
25
103
221
310
92
329
407
91
74
10
225
119
343
144
105
160
192
98
379
281
290
44
223
289
265
229
277
317
44
127
180
231
343
95
383
54
360
254
138
272
255
255
91
270
207
306
260
319
138
56
16
191
76
168
268
137
118
401
120
155
270
337
94
89
389
358
50
276
106
275
394
365
189
181
33
165
134
103
54
118
407
18
362
247
159
41
170
380
273
260
26
381
20
106
275
392
140
261
381
361
201
401
305
345
222
358
104
228
373
406
296
399
97
344
129
10
228
326
338
323
82
212
322
43
277
274
187
29
18
356
41
204
349
48
356
76
41
104
234
164
338
328
82
66
158
146
236
47
33
56
236
229
240
90
408
366
25
321
160
319
97
251
302
213
286
296
158
222
86
196
63
220
215
214
363
149
120
391
308
303
63
296
319
90
229
78
325
221
376
127
71
38
64
337
179
141
116
64
277
40
13
257
399
388
314
278
283
242
230
33
112
304
135
251
100
362
280
311
353
289
346
275
363
395
358
127
256
250
103
178
305
81
326
105
161
405
85
208
379
33
15
342
57
284
400
396
114
126
369
383
115
129
247
86
130
325
365
190
30
151
383
292
123
258
409
370
141
54
270
126
275
168
221
111
22
26
305
274
290
93
24
332
340
245
23
384
260
156
220
340
37
393
20
271
139
210
398
405
204
95
351
22
154
129
407
20
64
355
100
164
11
368
22
391
363
21
386
297
266
248
107
217
316
378
46
347
312
409
45
218
326
233
367
194
89
51
181
301
79
142
400
251
86
318
353
408
129
218
145
121
348
386
194
215
252
113
357
319
298
351
14
201
18
282
230
104
343
71
303
337
202
67
349
255
314
303
226
118
222
107
106
87
65
353
329
276
268
86
50
261
43
29
57
297
169
109
11
289
205
179
77
201
345
91
226
264
352
347
97
347
233
272
246
333
401
222
376
201
229
130
251
147
112
362
103
276
242
247
88
116
386
370
295
317
294
285
377
206
112
267
39
365
394
242
238
65
230
32
183
238
239
156
122
386
100
366
398
320
38
18
164
299
256
393
325
197
38
33
409
408
33
342
138
405
346
56
152
92
149
47
47
395
177
284
53
362
189
50
72
102
301
149
311
76
172
226
224
137
244
127
266
304
76
180
100
379
401
266
94
293
313
227
342
360
164
283
406
322
51
253
235
14
14
281
202
64
288
212
126
257
118
176
389
28
392
350
107
391
247
401
167
150
168
229
197
76
223
96
68
388
351
39
81
400
401
132
35
79
276
151
216
356
308
395
16
53
126
347
297
161
178
36
138
213
282
268
357
177
59
147
230
150
377
73
321
323
95
33
347
241
335
276
295
363
167
313
20
386
309
131
85
128
365
123
177
139
184
320
44
77
143
237
214
369
408
106
242
336
336
357
138
173
154
178
177
318
391
304
73
141
166
287
71
189
14
159
83
320
58
394
100
312
292
276
139
173
181
258
222
175
267
26
377
269
44
409
64
85
315
186
312
396
345
197
102
256
109
87
88
316
343
289
147
108
129
227
93
162
87
74
348
232
377
103
126
391
110
18
267
279
316
255
71
72
85
304
76
65
275
59
392
391
40
333
291
240
383
319
228
40
311
24
292
83
225
196
19
372
280
116
217
206
209
53
320
153
115
245
272
168
376
339
123
280
372
119
219
235
358
338
360
342
61
215
142
23
316
362
382
380
337
71
292
352
387
166
25
199
186
286
186
204
51
40
377
152
84
230
34
278
365
371
273
181
336
140
66
206
322
96
313
54
290
84
355
294
313
58
252
169
179
386
194
134
45
81
218
383
47
146
322
137
189
59
215
301
56
257
184
366
394
78
138
204
306
49
46
328
60
103
400
329
325
202
225
238
77
295
70
181
222
275
50
268
189
112
402
150
270
285
328
224
189
28
251
340
74
89
125
334
308
391
332
141
217
348
349
348
76
192
230
194
297
322
202
310
166
60
315
247
314
104
251
92
402
147
147
311
241
17
168
15
408
385
378
46
38
338
95
184
242
262
352
237
343
214
242
129
191
71
296
346
115
59
215
265
306
347
346
301
112
83
263
292
256
62
33
148
293
244
399
249
182
273
62
31
97
248
354
403
113
263
259
405
226
285
69
225
180
314
408
366
14
390
82
341
86
277
57
22
14
232
54
73
113
199
182
33
14
207
98
101
387
294
146
385
254
247
110
106
209
218
21
161
68
306
49
154
239
62
378
350
120
200
362
62
90
402
370
232
343
307
123
111
142
140
367
150
368
271
216
365
352
370
73
15
250
96
332
315
198
129
220
146
124
172
309
353
377
314
344
127
355
60
355
40
314
79
96
300
256
47
349
242
378
362
284
193
359
215
252
288
353
135
375
395
193
298
365
393
280
213
258
381
379
371
339
282
78
409
143
106
165
223
51
32
295
395
374
93
388
352
375
96
168
311
100
353
288
60
348
256
141
93
198
329
166
303
100
283
355
338
211
41
168
341
116
385
382
316
96
219
216
49
86
276
212
138
249
12
225
266
25
332
112
121
382
12
398
120
380
212
32
80
339
49
160
11
119
299
296
150
32
245
284
52
18
292
333
38
143
99
10
218
43
166
186
146
193
302
136
279
37
253
110
365
265
42
326
296
148
295
300
31
31
145
119
97
354
88
282
181
271
80
310
214
236
54
99
159
279
311
142
227
309
14
229
336
92
204
209
229
178
349
131
177
278
168
210
46
221
231
84
79
15
121
347
181
51
148
354
296
24
287
232
212
86
254
300
210
388
319
378
329
395
53
100
212
251
162
101
229
301
107
306
122
265
327
98
272
184
184
367
406
172
381
109
275
271
87
11
218
121
378
56
316
406
86
24
238
264
279
359
397
57
122
157
48
99
306
34
270
179
185
228
15
171
346
406
215
152
175
123
368
323
406
292
70
27
218
263
41
195
175
177
303
296
301
316
137
71
33
148
151
396
160
230
61
365
206
75
264
328
175
340
12
395
331
358
32
163
231
216
13
390
209
202
354
116
156
408
347
27
157
159
355
347
341
112
360
299
321
227
78
153
254
333
151
199
385
85
305
196
134
323
224
24
374
42
190
324
287
329
384
281
95
76
347
89
208
216
407
347
123
198
146
258
342
223
392
400
304
26
18
359
318
98
92
241
71
395
12
176
77
278
127
280
365
195
390
396
233
294
306
118
307
381
347
395
381
97
55
126
191
124
297
100
297
394
312
312
265
147
146
80
399
103
273
336
255
75
172
125
135
403
241
21
114
192
258
92
236
220
109
74
87
116
64
20
269
310
189
215
263
378
219
61
45
54
157
25
63
28
278
149
292
343
141
94
48
38
14
366
59
232
129
234
272
25
399
29
20
12
274
21
72
57
44
285
191
56
395
123
148
159
187
186
230
185
13
11
85
216
183
375
354
76
203
168
258
36
44
25
20
276
63
234
67
376
271
409
301
408
115
174
341
396
340
310
166
146
73
306
105
349
389
400
313
241
100
298
229
189
273
382
261
87
396
159
65
318
107
169
95
284
126
218
347
58
71
303
268
409
186
253
388
14
289
34
343
350
163
218
272
315
118
198
289
205
226
330
314
260
152
150
172
396
307
295
270
354
46
335
223
39
359
51
285
83
98
387
278
171
48
15
13
166
305
311
367
157
248
116
102
97
271
150
93
33
91
78
117
284
320
157
72
35
344
235
221
147
160
316
332
82
292
177
274
23
124
283
214
319
39
117
252
254
23
387
234
323
348
37
202
239
182
32
112
342
37
207
252
359
84
230
210
329
38
360
88
390
126
185
399
269
149
70
390
274
328
259
91
201
32
309
339
99
279
178
285
376
215
198
306
326
101
184
367
168
110
315
86
90
288
409
114
60
44
301
378
230
267
48
279
44
239
263
377
337
187
90
295
192
165
40
214
312
107
249
381
296
212
196
406
76
153
323
134
55
68
212
17
82
183
81
136
35
143
401
372
17
43
80
328
359
152
29
178
343
127
147
114
17
225
187
318
356
385
383
325
20
371
97
275
13
212
205
84
199
330
157
348
90
45
12
358
244
119
61
300
297
312
349
247
42
204
102
199
393
385
325
69
331
323
286
23
399
90
14
164
399
264
130
265
133
155
230
11
96
218
32
221
310
174
271
84
187
190
158
393
211
239
301
335
37
331
306
71
242
274
219
240
308
287
183
18
281
29
358
365
66
217
335
285
279
89
49
113
382
125
235
284
124
69
111
347
330
84
116
265
27
324
44
160
206
121
150
144
127
282
373
21
115
61
96
372
356
226
298
309
57
308
149
56
201
91
371
113
305
117
110
150
373
118
329
91
212
29
358
43
319
58
265
298
10
269
140
297
180
16
53
234
20
40
277
196
68
344
82
297
35
38
247
214
214
338
266
122
286
324
303
123
96
165
107
102
128
145
92
181
287
220
327
102
184
403
97
361
213
132
322
378
263
240
247
176
278
255
295
229
166
357
345
360
154
36
388
223
317
66
374
112
335
221
217
114
172
92
355
15
244
87
189
61
310
154
102
62
254
405
200
404
321
296
12
265
150
334
346
142
264
87
308
18
201
171
67
326
345
11
289
254
360
202
329
234
136
28
364
230
150
317
390
31
74
85
160
55
60
315
135
123
202
312
348
259
328
78
141
409
407
345
277
110
217
132
336
137
340
350
257
145
133
382
279
174
375
181
317
283
387
100
289
350
234
286
216
202
242
383
16
261
301
220
325
22
64
93
152
34
130
57
397
343
260
353
404
88
192
383
203
234
324
368
194
62
305
32
63
81
63
149
50
192
244
79
75
64
405
30
139
236
155
196
73
224
346
108
118
214
126
172
242
303
87
327
17
149
134
54
104
302
168
72
285
403
259
71
62
178
335
13
336
113
71
23
331
196
64
57
83
144
393
34
155
17
83
114
405
57
146
233
61
138
325
209
311
182
115
158
358
277
407
213
334
119
205
11
156
202
109
304
149
126
40
107
28
407
176
392
24
147
141
192
245
301
157
343
202
369
348
315
299
176
164
187
239
359
198
71
165
187
202
279
115
391
164
271
15
74
391
289
289
139
126
403
40
206
249
18
380
187
373
327
53
397
207
329
74
328
58
163
268
335
254
376
324
293
196
116
298
322
304
357
296
200
350
314
126
71
272
11
247
286
342
25
156
194
127
22
407
308
336
360
283
30
99
282
274
238
145
212
263
327
354
13
21
324
100
350
15
14
155
120
226
128
184
249
40
360
173
347
126
129
192
141
184
64
62
214
308
219
258
407
92
96
166
400
160
117
73
118
51
28
353
244
117
234
35
287
337
55
17
143
231
312
259
234
285
124
25
147
354
212
192
291
67
279
291
359
289
276
372
299
147
105
11
340
104
275
302
404
111
247
354
314
75
97
177
344
129
43
364
121
52
353
275
402
35
290
306
152
32
153
206
19
277
108
65
162
355
245
402
175
27
336
73
356
256
276
193
222
92
117
207
304
194
89
210
123
308
218
43
77
166
348
127
120
82
271
138
389
350
86
326
88
379
393
317
230
223
361
60
260
246
114
408
289
20
261
373
215
366
151
389
222
377
84
126
18
307
264
15
166
289
63
371
376
296
27
55
87
209
151
409
67
166
106
114
67
386
93
86
45
185
80
360
274
306
202
35
39
286
224
103
27
52
296
209
182
139
15
78
111
156
199
241
225
326
132
227
223
196
297
170
133
109
239
94
241
42
198
327
193
29
63
299
207
367
89
151
394
298
170
171
343
297
209
299
296
30
138
339
236
338
369
28
40
146
90
316
67
151
288
50
296
38
125
258
231
314
298
318
381
367
343
374
390
241
173
368
224
148
370
268
178
181
61
162
268
304
202
349
353
323
272
123
178
83
225
293
221
318
66
301
118
401
156
182
116
251
35
72
256
81
213
19
121
243
276
388
139
255
247
198
161
357
206
75
313
267
117
140
392
289
27
236
397
391
131
83
250
398
26
42
192
333
218
195
394
389
303
395
45
407
169
66
286
68
161
42
20
389
319
126
224
253
395
165
219
91
194
327
47
244
331
351
72
304
43
113
188
340
54
143
329
97
375
311
77
26
402
399
364
219
392
67
222
248
139
334
295
356
242
311
123
228
254
78
17
227
14
24
391
23
193
167
407
195
251
77
152
78
73
194
120
20
264
372
153
300
50
367
217
106
43
398
358
406
251
176
290
300
29
94
84
21
199
43
175
102
11
173
86
152
110
188
272
24
230
41
345
112
106
161
153
357
196
338
393
82
202
108
67
21
350
219
10
296
146
357
10
355
144
95
48
96
233
309
189
63
60
329
391
139
233
220
384
29
374
171
27
112
67
139
269
52
281
216
273
295
152
331
95
353
241
26
173
238
113
164
245
97
256
349
73
151
216
119
101
138
90
98
325
296
397
181
295
291
296
29
273
409
130
197
230
295
328
279
85
122
79
98
194
390
59
205
74
299
223
346
209
132
118
239
110
322
161
81
121
297
369
321
403
152
40
60
23
47
203
189
208
108
43
230
172
135
181
192
367
319
342
127
187
260
242
41
302
54
151
264
236
29
78
317
318
379
98
168
395
272
100
245
391
236
237
89
186
90
165
94
354
59
148
91
395
368
280
408
381
12
407
225
407
281
37
264
171
234
71
304
10
33
153
199
145
67
381
275
292
280
165
256
266
119
371
217
137
401
318
102
356
61
392
404
210
212
399
267
337
205
48
364
378
92
402
122
279
71
146
395
226
266
363
142
32
347
57
15
398
304
318
72
298
111
356
379
69
310
51
286
56
333
37
149
389
344
25
278
255
337
294
297
397
134
384
143
234
239
143
341
369
355
270
329
71
363
65
236
153
231
283
376
264
304
334
35
306
381
100
389
275
106
399
375
364
374
188
108
290
75
381
292
154
228
406
239
36
362
376
335
405
63
125
209
58
223
51
270
10
163
77
396
59
360
262
122
359
240
135
140
112
184
378
36
274
233
128
290
280
34
65
141
50
262
338
290
293
274
156
77
387
179
106
374
93
405
34
77
231
286
24
168
235
140
64
316
288
76
339
299
219
157
323
398
23
244
290
275
289
162
368
120
407
19
276
377
259
56
253
149
403
263
25
248
27
304
149
117
268
164
278
370
198
290
136
153
204
98
117
11
327
133
296
104
14
140
146
157
196
216
109
93
211
322
176
19
248
253
370
230
334
201
322
398
288
40
166
295
185
70
194
371
14
357
300
373
31
230
78
155
409
399
347
267
367
281
150
386
155
41
111
120
47
258
351
168
225
265
38
319
135
313
163
51
222
280
292
246
194
74
270
234
361
404
399
103
32
355
258
204
331
110
148
227
183
105
149
23
402
172
192
330
301
308
302
338
48
168
71
83
383
126
187
20
12
143
113
11
109
360
318
89
256
179
136
30
124
309
299
100
409
281
220
239
211
301
396
376
251
332
159
150
255
204
237
286
251
248
393
236
79
240
144
115
402
255
293
49
136
174
27
87
33
328
401
263
34
142
229
366
119
235
226
389
345
90
92
274
156
263
62
68
269
243
258
144
106
156
113
213
194
364
155
167
319
369
105
330
385
205
256
300
269
287
265
248
69
402
128
408
42
148
265
203
383
281
250
264
32
353
85
290
18
312
180
12
141
204
250
303
392
404
71
361
276
383
156
280
251
187
160
408
378
247
130
377
269
331
113
52
234
294
312
255
305
248
333
351
34
49
109
222
160
250
400
222
148
163
163
284
164
92
405
312
166
184
273
133
224
367
78
12
34
147
388
325
198
37
384
40
198
41
105
336
271
183
276
146
149
387
37
62
88
399
215
323
197
368
398
87
351
366
11
167
47
160
223
123
186
408
404
222
290
58
56
333
288
211
235
222
144
359
251
291
349
283
14
95
31
21
193
168
402
369
46
301
282
133
82
314
99
87
32
298
397
365
256
141
248
342
45
394
220
71
30
389
253
24
194
309
285
48
65
272
338
14
160
24
73
378
117
170
315
235
381
195
336
379
27
262
337
280
81
333
130
91
115
348
15
398
250
236
70
138
311
406
198
175
25
61
22
392
32
402
58
13
131
194
113
90
271
307
18
33
288
63
152
44
341
368
364
213
15
236
226
393
11
51
102
122
289
407
121
117
283
362
358
244
265
303
202
180
148
58
196
201
115
201
361
160
91
87
170
309
393
63
58
167
37
158
11
57
31
236
393
282
349
380
329
151
105
353
402
239
36
339
157
56
207
291
26
128
332
220
388
295
320
59
261
27
172
192
300
51
140
52
286
64
160
285
26
160
73
65
274
213
166
152
231
198
255
260
277
149
225
21
143
241
204
24
59
156
393
352
289
303
369
184
144
253
298
56
18
390
162
150
273
125
321
366
394
364
282
101
305
69
146
251
309
220
293
15
341
20
261
183
307
215
276
48
408
123
68
307
216
129
204
345
183
15
206
128
397
16
311
158
198
122
23
213
173
401
98
248
218
202
22
301
297
18
221
51
45
64
325
326
212
329
63
209
317
307
245
291
72
155
175
102
237
155
408
315
95
54
172
394
402
198
244
361
379
312
38
26
215
182
247
10
207
278
242
295
346
336
350
18
195
278
138
325
364
63
300
343
52
213
235
13
229
320
281
163
17
225
325
396
78
196
128
231
15
224
15
274
406
192
80
275
87
215
336
180
286
160
92
287
195
244
279
363
332
64
203
213
388
53
388
274
251
209
185
132
95
351
188
347
361
379
388
238
378
328
409
43
200
373
224
43
356
381
295
217
238
206
308
20
347
92
233
163
182
375
186
297
116
75
242
170
268
279
211
156
247
144
396
177
100
246
160
52
144
22
117
146
36
274
106
75
159
303
268
360
309
61
187
288
328
76
57
54
246
61
402
21
115
390
178
143
41
235
148
225
77
265
407
140
308
276
230
400
134
244
311
249
338
283
195
302
354
202
152
104
176
373
140
160
248
292
403
284
176
316
355
252
358
205
406
79
233
268
399
299
330
340
209
205
164
41
108
14
266
366
249
247
32
183
152
214
125
209
55
273
80
113
102
122
192
138
218
340
216
227
319
213
147
184
113
61
116
47
172
38
281
78
338
268
352
172
221
94
203
229
22
37
193
98
134
405
405
24
218
19
27
303
348
358
327
230
16
176
344
101
188
94
326
148
348
110
136
266
116
385
313
408
359
65
251
359
408
245
92
191
288
35
25
106
399
21
64
168
342
95
234
148
244
47
137
118
175
38
174
315
325
183
335
402
132
397
151
232
407
322
302
295
242
301
170
218
336
203
390
116
218
225
226
114
379
65
267
398
386
44
124
245
56
151
261
331
67
400
348
206
266
226
354
328
265
184
279
345
311
271
351
132
214
127
326
344
91
123
243
227
287
407
266
66
37
265
292
315
333
67
162
111
168
288
48
282
45
13
167
301
395
170
373
399
128
289
369
399
90
342
137
12
348
31
78
137
115
374
307
171
266
45
306
100
58
178
32
310
310
35
274
256
246
387
223
301
33
286
312
285
145
409
70
291
82
381
34
65
60
166
299
17
305
39
291
374
392
209
363
34
251
227
304
25
174
115
118
21
337
286
181
60
40
93
400
367
233
41
365
276
390
272
370
134
27
344
317
380
154
132
40
375
101
85
122
240
44
386
81
209
184
314
158
130
151
297
338
312
153
154
136
41
314
61
402
275
81
217
185
381
40
307
111
318
397
64
88
381
72
407
248
248
222
218
158
185
69
70
401
326
57
121
202
216
223
245
387
350
345
66
286
291
137
168
201
13
105
76
352
376
329
59
35
82
202
405
218
360
108
364
87
177
307
334
315
137
335
206
27
241
139
26
308
373
150
89
45
46
401
227
300
105
105
165
203
359
277
372
108
343
98
242
203
97
189
240
19
324
112
307
340
259
353
90
68
234
407
350
291
232
63
42
275
328
174
286
87
256
39
239
91
269
160
337
38
254
336
311
59
113
43
10
54
347
114
73
341
172
20
208
132
386
137
172
381
221
369
125
240
51
280
317
192
356
365
192
286
144
244
13
202
120
200
92
103
19
213
48
367
226
53
390
103
22
72
127
387
144
138
395
253
185
32
406
130
403
339
24
93
32
48
263
345
146
175
96
273
114
83
278
314
356
289
170
20
219
324
203
252
169
17
143
198
202
358
35
153
226
360
288
347
244
254
207
15
37
248
47
59
240
260
20
175
234
369
289
243
57
213
25
33
289
61
131
227
143
164
220
269
57
325
17
110
278
36
13
164
394
250
272
366
373
47
17
341
349
286
165
77
344
67
241
280
238
311
188
301
78
320
200
183
177
354
83
96
124
203
41
240
330
334
140
145
249
286
406
197
339
13
190
73
160
181
186
107
42
199
388
27
49
371
240
126
112
215
29
393
112
139
138
188
203
172
394
92
308
119
347
53
325
217
132
256
377
53
189
354
235
37
211
357
158
260
28
27
175
268
375
399
296
60
312
111
263
188
19
279
254
163
55
287
75
281
93
233
203
121
337
323
203
393
112
52
143
205
210
404
294
56
283
28
270
85
28
177
100
326
239
27
255
266
339
299
142
276
324
188
14
154
271
344
80
91
52
286
139
356
189
275
78
309
318
136
121
271
174
10
124
385
85
399
79
148
262
319
292
259
143
49
346
127
190
409
84
402
199
382
346
402
291
320
317
377
91
89
304
146
293
371
294
182
30
267
263
233
249
373
375
174
215
225
40
354
87
236
14
55
96
265
131
367
301
241
253
397
280
201
109
406
58
340
282
189
385
88
237
80
211
149
221
349
339
131
62
281
210
75
118
98
359
249
128
147
194
208
309
24
109
95
119
83
324
195
143
62
39
157
266
18
285
325
48
168
59
399
118
61
230
301
292
363
213
117
168
38
267
117
156
404
243
308
22
113
380
378
319
177
119
51
151
247
367
47
215
134
393
270
374
246
107
219
384
106
322
102
147
175
111
22
316
231
18
319
34
135
297
256
161
366
26
256
250
71
304
251
169
368
163
263
232
60
267
60
354
230
389
147
361
295
39
77
124
186
145
120
371
126
276
94
173
44
136
206
29
25
408
271
272
14
369
274
322
199
348
152
114
264
263
372
339
38
154
161
100
341
40
247
18
30
37
314
139
148
264
276
215
87
145
165
131
168
348
248
78
190
86
215
56
120
63
145
407
116
385
283
43
48
401
149
53
95
195
303
228
334
34
123
400
135
336
292
74
310
347
304
163
202
274
34
156
366
214
275
126
73
52
178
171
18
321
185
389
72
119
274
222
146
112
378
143
82
64
133
141
175
120
274
41
403
359
320
70
386
20
385
320
60
394
78
252
245
179
59
74
19
104
237
386
343
231
153
238
16
231
398
388
252
392
166
72
369
350
313
207
251
352
275
246
231
11
407
196
111
221
20
285
390
335
295
169
311
242
273
404
89
333
266
23
118
133
405
183
140
175
246
253
355
162
258
262
240
97
54
236
249
199
363
132
282
19
280
265
248
359
200
201
292
123
366
398
162
119
22
336
395
289
350
314
176
372
21
122
80
98
66
284
315
378
392
25
391
125
185
156
179
78
153
181
187
345
196
386
235
230
194
91
151
237
313
76
379
11
68
312
46
150
356
300
348
94
324
338
85
309
97
200
144
400
217
400
36
30
179
137
104
88
112
334
360
154
256
109
315
18
312
90
404
118
258
197
310
90
54
345
299
18
200
311
38
197
130
275
40
371
403
220
256
360
408
258
342
65
58
195
90
270
376
71
24
153
374
365
47
183
54
85
242
188
39
111
143
52
139
292
302
47
381
20
364
316
194
351
25
89
127
72
126
186
28
407
275
200
200
382
160
364
77
398
291
253
117
10
225
21
300
236
96
267
120
135
356
301
295
302
168
331
168
19
336
92
285
113
333
59
222
334
369
66
18
220
355
26
170
31
405
66
318
356
132
190
156
47
144
98
46
197
237
159
76
268
216
188
369
175
110
89
226
199
346
128
349
86
221
222
158
214
291
225
72
98
355
273
258
355
328
403
191
221
366
124
179
267
350
147
19
72
286
171
92
95
18
95
326
166
408
239
74
247
243
74
290
79
181
92
49
202
259
282
291
95
292
75
229
343
42
185
216
52
244
344
290
128
131
23
310
196
235
101
133
266
140
166
341
180
130
214
49
286
346
108
113
65
23
147
11
378
147
21
186
59
73
73
158
385
83
239
276
374
31
57
184
391
184
124
408
376
290
231
43
150
245
132
273
317
334
301
300
332
210
288
400
342
197
277
391
266
27
144
345
197
156
115
266
326
93
118
51
146
252
361
341
122
204
40
28
298
275
288
369
179
128
354
274
107
208
69
182
291
402
113
347
233
10
202
115
351
340
217
175
236
346
241
282
242
87
128
217
256
60
149
17
344
146
193
137
131
370
49
82
324
66
331
261
42
161
38
363
170
116
271
163
285
370
138
63
70
45
133
320
102
178
83
340
371
371
360
60
358
82
144
339
149
97
21
204
257
344
337
267
96
71
368
343
301
156
138
318
110
151
367
297
150
317
147
258
381
90
45
260
61
281
203
97
30
361
312
378
68
104
64
282
359
67
35
387
260
146
185
398
354
62
245
221
343
68
189
292
12
78
281
263
78
240
233
325
247
240
12
358
205
217
382
256
408
290
209
80
266
379
16
392
138
55
96
339
225
65
344
353
153
264
339
47
51
300
99
54
296
174
232
200
226
163
369
166
204
346
66
85
391
30
391
242
382
29
215
116
236
202
109
81
109
64
67
260
114
408
256
13
89
253
356
73
157
62
33
83
57
292
157
75
371
116
293
358
391
135
211
55
352
184
35
13
63
78
387
332
373
379
249
256
387
387
346
383
20
97
407
271
297
39
170
201
310
21
162
108
347
108
332
340
246
115
131
44
182
361
25
305
195
364
214
265
396
74
335
293
273
294
379
195
163
221
243
295
408
329
200
90
19
373
329
99
356
403
164
166
220
155
349
298
148
52
46
320
78
264
334
32
203
179
324
406
15
252
141
29
402
263
125
394
56
106
66
141
355
127
159
100
40
218
104
240
399
235
393
123
239
326
220
282
298
49
315
224
292
237
82
292
90
153
217
244
257
371
145
217
12
368
364
124
258
367
338
42
382
73
401
180
201
315
20
234
278
167
311
362
284
168
218
147
201
325
181
382
101
184
107
255
229
110
82
185
369
33
210
288
360
197
363
83
403
145
28
89
327
207
161
90
30
21
77
402
104
212
376
290
318
80
139
232
408
209
378
384
255
106
48
10
197
409
274
222
100
174
348
94
229
239
209
379
50
91
226
314
94
318
156
135
355
116
294
331
315
353
203
187
211
225
262
321
221
379
43
351
294
187
158
241
136
304
318
322
112
131
273
146
130
346
326
118
171
300
407
352
184
38
302
289
213
13
25
172
297
180
209
381
304
320
343
266
328
250
176
281
304
310
403
210
110
274
288
134
144
96
116
304
214
391
10
11
254
55
196
164
15
156
234
289
330
293
98
50
253
389
32
39
90
281
240
259
25
12
98
335
265
184
165
306
332
349
184
335
244
279
365
240
136
187
334
242
92
81
84
288
160
409
22
244
23
23
111
28
202
209
403
42
142
267
243
190
372
112
239
375
304
340
300
56
284
56
55
72
318
382
312
348
391
29
73
105
333
199
89
293
331
249
140
29
199
98
310
301
293
56
184
235
10
376
10
212
20
348
26
171
392
274
196
15
59
42
338
125
101
288
53
278
371
220
373
307
141
54
133
357
23
189
315
17
251
313
111
253
262
255
241
228
210
294
288
48
309
40
392
137
392
27
156
184
42
145
117
273
390
60
89
161
322
22
319
83
329
96
258
170
204
201
180
122
84
194
53
151
315
223
100
99
316
272
358
290
200
353
52
193
315
367
57
22
14
173
173
25
366
357
348
131
29
82
347
166
343
349
59
77
87
23
254
133
235
263
90
285
133
308
44
122
404
406
30
30
259
392
348
25
96
80
52
81
192
162
205
30
129
321
217
153
64
311
333
22
60
296
128
239
26
242
50
180
90
264
272
384
345
367
101
333
73
136
115
10
111
112
306
380
171
388
376
51
317
393
42
111
214
218
321
99
29
227
385
248
323
350
150
132
297
60
352
157
128
151
320
57
273
101
195
312
142
351
63
356
88
147
44
71
275
263
325
254
295
335
254
333
73
256
312
163
265
230
404
63
45
67
196
67
126
73
72
312
64
330
375
131
280
318
92
70
298
85
67
10
241
141
356
107
50
230
112
244
306
308
25
221
119
149
343
66
317
404
328
134
315
333
151
216
261
289
193
69
323
125
20
46
145
326
73
267
120
136
371
223
205
63
168
286
168
213
32
189
232
141
380
90
246
383
72
363
167
246
84
59
406
342
127
322
225
306
53
372
98
61
60
157
80
31
249
315
119
298
280
221
182
238
331
218
328
362
258
37
166
179
188
224
315
186
173
175
359
233
161
110
343
78
352
149
181
220
67
155
252
126
374
185
80
45
14
256
283
68
236
45
58
114
322
44
138
319
150
188
125
163
325
129
401
179
362
47
291
141
351
118
159
407
211
121
204
355
348
131
278
86
143
108
107
376
222
360
75
30
257
353
169
87
360
310
231
276
144
276
289
140
52
340
185
270
358
277
131
360
78
236
97
87
386
57
114
400
87
107
246
159
167
374
101
334
339
389
209
201
394
107
361
367
379
190
320
331
296
214
205
291
140
290
308
33
382
300
405
321
70
318
115
298
63
372
296
368
125
132
359
105
385
220
82
175
364
27
205
294
272
371
67
382
125
141
359
266
154
125
77
242
114
183
298
359
130
371
394
325
207
237
321
61
125
144
132
388
62
243
296
278
247
132
123
399
250
197
82
220
367
133
227
205
388
256
228
173
231
345
371
341
129
391
151
126
165
381
23
197
121
255
202
228
85
226
14
351
122
131
157
77
293
267
45
88
51
353
183
293
135
112
331
359
394
346
321
177
98
318
195
300
278
374
73
72
193
324
213
214
406
238
113
373
243
247
293
203
120
16
125
359
185
399
346
21
162
15
184
113
155
344
192
95
29
208
15
26
52
146
23
332
357
15
260
238
337
274
193
304
235
183
364
27
166
15
120
309
50
205
242
117
377
69
22
183
325
294
146
322
213
21
379
120
352
380
159
110
169
195
139
142
259
254
30
409
102
278
221
272
98
253
280
260
212
76
157
236
375
127
268
216
141
324
187
132
62
319
155
223
304
130
218
140
312
123
298
136
256
318
353
397
105
21
99
231
179
325
238
198
315
131
196
83
35
39
46
54
248
176
270
391
353
247
86
227
243
312
23
225
237
143
349
374
192
335
281
342
206
393
367
44
232
395
66
348
272
231
188
279
326
21
114
287
129
395
230
331
220
172
15
348
388
239
407
97
207
115
260
121
31
95
249
392
342
366
221
395
236
74
380
367
239
24
173
398
123
262
36
252
234
16
329
129
30
104
361
328
253
375
347
152
27
95
53
256
318
84
63
56
350
91
88
149
284
80
89
302
229
350
55
125
406
315
237
344
258
82
73
65
322
293
373
138
381
402
345
125
88
357
335
251
79
111
407
195
84
246
381
293
87
141
407
23
408
37
259
89
41
291
209
244
167
404
284
200
314
335
95
390
139
314
101
187
294
144
402
271
320
273
352
188
107
26
141
291
71
214
131
315
219
197
295
139
196
77
39
314
93
190
301
245
48
218
137
289
108
213
31
322
296
41
188
123
406
173
271
103
219
135
405
359
143
80
261
124
176
71
350
344
156
312
61
320
382
190
35
405
40
214
391
388
371
359
56
154
178
399
246
75
366
287
49
309
301
90
98
145
196
74
41
138
47
84
374
49
302
13
172
335
51
28
306
284
265
162
108
320
55
263
346
361
213
151
112
141
159
397
134
48
103
270
320
295
223
42
400
366
120
63
138
263
277
174
169
260
355
114
240
119
13
302
116
247
122
102
360
118
154
144
56
386
402
204
11
72
308
227
403
79
179
316
406
228
389
389
370
34
73
175
268
229
363
298
202
159
213
276
306
122
265
188
226
46
189
283
386
278
405
294
375
398
39
205
265
224
171
215
166
63
242
66
88
387
361
213
245
23
94
73
247
255
178
296
331
286
47
276
365
38
123
43
244
402
189
393
153
161
80
142
46
307
311
402
381
281
336
151
190
104
396
318
397
238
285
380
59
200
320
142
388
35
141
250
402
338
109
168
256
304
12
242
97
326
351
391
273
350
24
262
12
169
343
