35
204
214
88
70
350
351
349
243
371
94
395
137
236
204
389
275
301
303
71
359
399
78
190
177
242
148
75
287
375
404
372
398
157
76
140
341
138
316
165
336
125
152
66
208
241
252
193
241
69
240
169
284
250
301
385
382
12
31
97
73
405
59
141
345
30
82
271
42
247
278
164
120
105
109
298
246
378
404
231
195
160
342
62
219
266
253
142
170
380
152
268
150
377
78
178
237
134
193
24
363
332
167
82
321
318
21
105
356
60
268
175
322
312
25
333
202
87
311
95
107
201
40
131
285
44
196
269
384
366
145
223
194
51
404
343
117
134
87
154
304
210
107
351
388
115
240
79
338
120
275
300
11
317
262
302
216
295
374
358
43
110
10
301
22
162
135
172
299
167
12
50
291
51
346
321
179
378
51
170
267
311
168
43
81
254
395
182
206
352
396
115
391
302
402
72
303
130
264
153
139
122
43
283
86
342
129
205
357
165
60
328
158
106
206
374
133
293
223
210
55
111
301
78
347
166
148
27
389
186
14
196
92
23
333
380
383
180
327
281
404
59
208
81
145
26
126
100
127
202
169
106
395
238
258
207
318
77
374
299
32
100
306
375
200
246
377
253
184
197
100
95
183
230
282
171
366
255
160
126
247
132
130
70
290
163
322
92
26
365
352
370
216
310
12
393
214
222
408
55
183
161
401
151
37
332
335
16
219
385
91
219
117
93
145
111
36
328
38
287
38
12
59
199
357
361
99
211
238
201
338
385
342
80
70
247
264
310
170
248
338
344
264
403
385
43
127
284
393
371
277
335
42
387
47
355
271
229
287
219
25
285
46
19
123
393
106
377
71
124
289
409
154
27
14
302
307
295
195
22
89
268
136
213
270
346
243
252
206
130
57
108
205
131
324
213
352
245
102
164
218
21
204
285
330
403
134
133
227
281
310
99
285
333
231
24
74
328
112
252
43
216
281
219
131
82
269
400
188
188
401
225
313
75
404
43
364
72
104
239
169
89
272
141
203
317
73
64
118
199
94
123
92
174
150
98
35
132
353
92
23
70
244
70
380
68
49
92
183
210
363
260
174
254
24
348
236
371
359
293
218
237
404
47
298
29
185
248
230
31
120
175
313
379
390
174
155
345
106
119
115
25
343
365
328
305
246
262
41
152
248
32
302
211
330
354
174
141
394
133
146
349
88
355
346
306
129
270
62
98
152
292
120
196
165
81
337
154
195
277
136
52
389
296
218
209
233
316
158
310
176
114
97
404
220
207
146
181
298
256
206
311
66
187
190
172
141
200
287
97
103
225
147
366
117
262
294
238
185
179
196
368
355
278
41
140
282
156
265
330
203
187
401
15
241
229
349
106
70
107
348
286
105
320
225
128
129
32
139
292
193
241
359
50
44
41
292
319
346
336
23
90
332
183
320
132
173
249
253
51
281
49
270
393
114
252
153
272
113
176
79
217
10
110
254
134
83
116
72
388
230
197
372
29
132
93
212
268
333
96
327
34
158
34
255
409
314
157
53
135
44
222
124
214
59
32
19
194
399
238
191
114
355
195
329
154
12
356
275
384
265
288
321
350
172
231
150
343
232
249
140
61
122
288
296
403
173
273
93
175
313
111
272
18
284
64
76
42
331
276
327
392
123
131
324
62
155
39
155
395
132
154
262
26
308
96
237
23
391
40
276
228
200
95
323
140
86
390
263
374
346
86
231
59
232
305
57
139
164
250
182
381
359
407
235
278
82
358
65
236
226
318
272
139
261
215
128
408
76
29
336
196
33
177
330
371
59
64
102
317
143
184
95
37
57
393
339
168
284
344
254
184
166
138
249
298
119
222
95
301
100
251
177
60
359
237
90
134
377
314
245
172
163
26
206
186
17
166
86
249
408
192
123
36
170
308
71
394
359
61
408
20
86
106
128
392
117
83
254
173
237
135
333
79
185
183
107
373
232
137
156
113
113
165
208
376
375
180
338
227
253
75
403
117
267
322
103
47
322
57
382
400
125
285
181
288
24
296
110
126
341
151
157
120
173
288
325
76
356
387
83
125
160
64
296
232
283
201
77
88
247
234
82
214
305
70
39
245
25
164
271
29
353
170
34
198
324
312
274
296
330
104
400
224
105
260
255
325
381
329
393
380
91
11
146
201
146
169
218
71
52
115
134
250
20
233
161
114
159
85
239
179
352
219
386
195
63
256
129
340
282
233
325
259
407
118
246
31
360
111
262
158
128
237
220
44
165
156
211
374
294
383
84
22
255
165
370
79
171
171
