203
27644437
203
4140
52
877
877
52
115975
190899322
21147
203
27644437
21147
52
203
190899322
21147
190899322
190899322
52
190899322
877
877
4213597
115975
678570
21147
52
4213597
190899322
4140
4213597
27644437
52
190899322
877
52
4213597
27644437
52
190899322
678570
678570
877
21147
4213597
877
27644437
52
21147
4140
190899322
877
21147
190899322
27644437
678570
27644437
21147
21147
21147
52
21147
678570
115975
190899322
115975
21147
21147
190899322
52
115975
678570
27644437
21147
190899322
27644437
877
678570
678570
52
27644437
190899322
4213597
877
877
877
4140
52
877
190899322
21147
190899322
190899322
4213597
27644437
21147
21147
190899322
